-47.549605,-24.706900,14,0,1,91
-47.325979,-24.157957,14,0,1,25
-49.227474,-24.090737,14,0,1,70
-46.287972,-23.989418,14,0,1,320
-46.463695,-23.939430,14,0,1,346
-48.575044,-23.938636,14,0,1,100
-46.302128,-23.894869,14,0,1,334
-48.242230,-23.873806,14,0,1,44
-46.144971,-23.855198,14,0,1,162
-46.582595,-23.820744,14,0,1,165
-45.398679,-23.809082,14,0,1,132
-46.519599,-23.789249,14,0,1,134
-46.914159,-23.787612,14,0,1,185
-46.592681,-23.764068,14,0,1,70
-46.611109,-23.681704,14,0,1,139
-46.812776,-23.599989,14,0,1,193
-47.038822,-23.599559,14,0,1,286
-46.810590,-23.594984,14,0,1,19
-46.809833,-23.588455,14,0,1,199
-46.819176,-23.564448,14,0,1,351
-47.777811,-23.552896,14,0,1,83
-46.820411,-23.552048,14,0,1,168
-46.940837,-23.518048,14,0,1,264
-46.813737,-23.517980,14,0,1,27
-46.801524,-23.512298,14,0,1,290
-46.801254,-23.511705,14,0,1,291
-46.817285,-23.510294,14,0,1,100
-47.563334,-23.510231,14,0,1,258
-46.817251,-23.509650,14,0,1,100
-47.278816,-23.509422,14,0,1,160
-46.823224,-23.508114,14,0,1,261
-47.967944,-23.470872,14,0,1,220
-46.368911,-23.466389,14,0,1,102
-46.368789,-23.465987,14,0,1,288
-46.785285,-23.456199,14,0,1,138
-46.786256,-23.452283,14,0,1,345
-46.782739,-23.448011,14,0,1,231
-46.758282,-23.439494,14,0,1,152
-47.937949,-23.434875,14,0,1,45
-46.760229,-23.427001,14,0,1,355
-46.798903,-23.418227,14,0,1,301
-46.737475,-23.416810,14,0,1,57
-46.360969,-23.413348,14,0,1,72
-47.342005,-23.411348,14,0,1,215
-47.301580,-23.406485,14,0,1,103
-47.004034,-23.403740,14,0,1,15
-46.153836,-23.384313,14,0,1,67
-46.813250,-23.347188,14,0,1,137
-46.150205,-23.338915,14,0,1,241
-46.577383,-23.330279,14,0,1,165
-46.823289,-23.322909,14,0,1,358
-47.643797,-23.313788,14,0,1,125
-46.025037,-23.302429,14,0,1,74
-46.025513,-23.302065,14,0,1,259
-46.007321,-23.296378,14,0,1,235
-45.860751,-23.283323,14,0,1,231
-48.085943,-23.246080,14,0,1,98
-47.042553,-23.235378,14,0,1,51
-47.562683,-23.227423,14,0,1,257
-46.181499,-23.198505,14,0,1,109
-45.697891,-23.155977,14,0,1,41
-46.626171,-23.094475,14,0,1,133
-48.514861,-23.082486,14,0,1,304
-47.154728,-23.063258,14,0,1,45
-47.154930,-23.063078,14,0,1,225
-47.044841,-23.058094,14,0,1,134
-47.044275,-23.057611,14,0,1,312
-47.041337,-23.056707,14,0,1,124
-47.146637,-23.055690,14,0,1,224
-47.147108,-23.055024,14,0,1,245
-47.018738,-23.020322,14,0,1,149
-47.023080,-23.012968,14,0,1,330
-46.860010,-22.953968,14,0,1,124
-45.360584,-22.930475,14,0,1,63
-45.360839,-22.930174,14,0,1,242
-47.708925,-22.910115,14,0,1,215
-46.424531,-22.908821,14,0,1,24
-49.144554,-22.875208,14,0,1,117
-47.300662,-22.857788,14,0,1,104
-47.300531,-22.857253,14,0,1,283
-48.516769,-22.838090,14,0,1,137
-47.021734,-22.771148,14,0,1,9
-47.239224,-22.771013,14,0,1,134
-48.688536,-22.675681,14,0,1,311
-47.518956,-22.654407,14,0,1,40
-47.460301,-22.555772,14,0,1,347
-47.582373,-22.544267,14,0,1,356
-47.433738,-22.530393,14,0,1,317
-47.397746,-22.510048,14,0,1,164
-46.902045,-22.456634,14,0,1,266
-47.620522,-22.373984,14,0,1,136
-47.481631,-22.372945,14,0,1,286
-47.216678,-22.368217,14,0,1,266
-48.725494,-22.318400,14,0,1,54
-47.902516,-22.263671,14,0,1,259
-48.243734,-22.255842,14,0,1,320
-46.813493,-22.252258,14,0,1,223
-47.390036,-22.249734,14,0,1,356
-47.882347,-22.176466,14,0,1,337
-49.239635,-22.167242,14,0,1,308
-46.991780,-22.163512,14,0,1,351
-47.807848,-22.128882,14,0,1,332
-51.599870,-22.020720,14,0,1,300
-46.850603,-22.014032,14,0,1,69
-46.850644,-22.013908,14,0,1,251
-47.459317,-21.957894,14,0,1,344
-46.841415,-21.948299,14,0,1,338
-46.696363,-21.930466,14,0,1,0
-47.051831,-21.918956,14,0,1,171
-47.535828,-21.869498,14,0,1,237
-52.024829,-21.846765,14,0,1,300
-47.193315,-21.807949,14,0,1,88
-48.261529,-21.752912,14,0,1,313
-46.946992,-21.705679,14,0,1,36
-48.248054,-21.666693,14,0,1,129
-47.608844,-21.658392,14,0,1,352
-47.047755,-21.640821,14,0,1,17
-49.852805,-21.621957,14,0,1,307
-47.948626,-21.571815,14,0,1,15
-48.332781,-21.557626,14,0,1,182
-48.788042,-21.543789,14,0,1,79
-50.195059,-21.415856,14,0,1,120
-47.664105,-21.414335,14,0,1,326
-48.731576,-21.383234,14,0,1,123
-48.556594,-21.249401,14,0,1,305
-48.233774,-21.229474,14,0,1,52
-50.733709,-21.209890,14,0,1,277
-47.914447,-21.167188,14,0,1,90
-47.914465,-21.166837,14,0,1,269
-48.389828,-21.126349,14,0,1,343
-49.105169,-21.068205,14,0,1,132
-48.708703,-21.065434,14,0,1,79
-48.176876,-21.009315,14,0,1,128
-47.633282,-20.943021,14,0,1,22
-47.633784,-20.942846,14,0,1,203
-47.895332,-20.850914,14,0,1,5
-51.504208,-20.830664,14,0,1,299
-47.506028,-20.714182,14,0,1,22
-48.536961,-20.688725,14,0,1,341
-49.318141,-20.589686,14,0,1,161
-47.813584,-20.380193,14,0,1,4
-46.579517,-23.325270,14,0,1,324
-45.860564,-23.283525,14,0,1,50
-47.460773,-22.555707,14,0,1,167
-47.397124,-22.509829,14,0,1,338
-47.238634,-22.770657,14,0,1,315
-47.621939,-22.372305,14,0,1,317
-46.913590,-23.787715,14,0,1,15
-46.799115,-23.418555,14,0,1,122
-46.799415,-23.419035,14,0,1,130
-48.242350,-23.873685,14,0,1,230
-47.938056,-23.434766,14,0,1,206
-47.643565,-23.313458,14,0,1,306
-48.725579,-22.318150,14,0,1,233
-49.227104,-24.090467,14,0,1,249
-48.574765,-23.938552,14,0,1,282
-47.249886,-22.489093,14,0,1,264
-47.249881,-22.489190,14,0,1,83
-48.822992,-22.980787,14,0,1,217
-48.822850,-22.980905,14,0,1,42
-51.504286,-20.830815,14,0,1,119
-49.852942,-21.622137,14,0,1,127
-49.239796,-22.167416,14,0,1,128
-48.556677,-21.249503,14,0,1,128
-47.022209,-22.771108,14,0,1,184
-46.902332,-22.456829,14,0,1,88
-46.813340,-22.252355,14,0,1,44
-46.991965,-22.163541,14,0,1,167
-47.390325,-22.249757,14,0,1,176
-47.459666,-21.958009,14,0,1,164
-47.664376,-21.414522,14,0,1,146
-47.895697,-20.850882,14,0,1,185
-46.007121,-23.296661,14,0,1,59
-46.164886,-23.346409,14,0,1,64
-47.042723,-23.235218,14,0,1,227
-48.708636,-21.065332,14,0,1,262
-47.519036,-22.654355,14,0,1,220
-48.176624,-21.009231,14,0,1,312
-47.948862,-21.571644,14,0,1,201
-47.506184,-20.714025,14,0,1,200
-46.361087,-23.412994,14,0,1,258
-47.326440,-24.157775,14,0,1,208
-48.233924,-21.229316,14,0,1,232
-47.882060,-22.177248,14,0,1,157
-46.605882,-23.718036,14,0,1,194
-47.004088,-23.403717,14,0,1,198
-46.143057,-23.861115,14,0,1,10
-46.841473,-23.076888,14,0,1,215
-46.841312,-23.076986,14,0,1,36
-47.582556,-22.544274,14,0,1,175
-47.808167,-22.129060,14,0,1,152
-48.261843,-21.753191,14,0,1,133
-48.516641,-22.837969,14,0,1,313
-47.147058,-23.055115,14,0,1,65
-47.146578,-23.055740,14,0,1,44
-49.466666,-21.958986,14,0,1,143
-49.466544,-21.958898,14,0,1,323
-48.085910,-23.245821,14,0,1,275
-49.627922,-20.997671,14,0,1,37
-49.628056,-20.997567,14,0,1,216
-46.859824,-22.953700,14,0,1,304
-47.984490,-23.031092,14,0,1,320
-47.984584,-23.031174,14,0,1,135
-47.708743,-22.910194,14,0,1,33
-49.106595,-20.934027,14,0,1,272
-49.106596,-20.934075,14,0,1,92
-49.898731,-22.336325,14,0,1,4
-49.898935,-22.336307,14,0,1,183
-47.980753,-21.234390,14,0,1,314
-47.560389,-22.845157,14,0,1,157
-47.560311,-22.845125,14,0,1,336
-47.360674,-23.134684,14,0,1,325
-47.360808,-23.134743,14,0,1,145
-49.170619,-22.450919,14,0,1,64
-49.170683,-22.450803,14,0,1,247
-49.144409,-22.875035,14,0,1,315
-49.478329,-22.748950,14,0,1,222
-49.478270,-22.749027,14,0,1,42
-48.411774,-24.964044,14,0,1,321
-48.537178,-20.688694,14,0,1,161
-45.698025,-23.155740,14,0,1,221
-46.153960,-23.384075,14,0,1,250
-50.976735,-21.140474,14,0,1,304
-50.976843,-21.140629,14,0,1,124
-51.223534,-20.985042,14,0,1,124
-51.223406,-20.984839,14,0,1,304
-50.733760,-21.210193,14,0,1,98
-47.481663,-22.373061,14,0,1,106
-47.216683,-22.368336,14,0,1,86
-47.192932,-22.514659,14,0,1,144
-47.192760,-22.514560,14,0,1,326
-47.154901,-22.690093,14,0,1,330
-47.142729,-22.713091,14,0,1,359
-47.155151,-22.690216,14,0,1,150
-46.894235,-23.055264,14,0,1,252
-46.894200,-23.055368,14,0,1,76
-46.593918,-23.765417,14,0,1,87
-46.762779,-23.780724,14,0,1,347
-46.626061,-23.094364,14,0,1,308
-47.041258,-23.056623,14,0,1,305
-50.145853,-22.769188,14,0,1,299
-51.599933,-22.020809,14,0,1,114
-46.424883,-22.908637,14,0,1,207
-46.179726,-23.198726,14,0,1,286
-47.562642,-23.227551,14,0,1,75
-48.515130,-23.082819,14,0,1,125
-47.980811,-21.234417,14,0,1,133
-48.248020,-21.666665,14,0,1,315
-46.469473,-23.700441,14,0,1,314
-46.542100,-23.756570,14,0,1,48
-46.581611,-23.763828,14,0,1,273
-47.813869,-20.380177,14,0,1,181
-46.696472,-21.930453,14,0,1,181
-47.902474,-22.263917,14,0,1,82
-48.243926,-22.256015,14,0,1,135
-48.332571,-21.557630,14,0,1,4
-48.788080,-21.543593,14,0,1,257
-49.105029,-21.068042,14,0,1,309
-49.317918,-20.589618,14,0,1,341
-48.390059,-21.126394,14,0,1,165
-47.047900,-21.640792,14,0,1,188
-47.609227,-21.658426,14,0,1,169
-47.535771,-21.869590,14,0,1,59
-47.051619,-21.918876,14,0,1,347
-48.731447,-21.383099,14,0,1,302
-47.193326,-21.807819,14,0,1,268
-50.145943,-22.769284,14,0,1,119
-50.496427,-22.632700,14,0,1,274
-50.496438,-22.632853,14,0,1,94
-49.723401,-22.893868,14,0,1,67
-49.723956,-22.893994,14,0,1,247
-46.947078,-21.705600,14,0,1,216
-48.411908,-24.964087,14,0,1,141
-51.253854,-22.303409,14,0,1,129
-51.253798,-22.303351,14,0,1,309
-47.635312,-23.317249,14,0,1,281
-47.635290,-23.317952,14,0,1,86
-47.351436,-22.978039,14,0,1,254
-47.351405,-22.978179,14,0,1,73
-48.904508,-22.513023,14,0,1,296
-48.904648,-22.513261,14,0,1,116
-48.688676,-22.675817,14,0,1,131
-49.808315,-21.711276,14,0,1,55
-49.808449,-21.711096,14,0,1,235
-51.008343,-22.435298,14,0,1,122
-51.008243,-22.435157,14,0,1,302
-47.563259,-23.510432,14,0,1,78
-46.813061,-23.601999,14,0,1,192
-47.722358,-24.389213,14,0,1,44
-47.722766,-24.388881,14,0,1,217
-48.082559,-24.722519,14,0,1,68
-48.082631,-24.722334,14,0,1,248
-46.595249,-23.752422,14,0,1,161
-47.575410,-23.050787,14,0,1,253
-47.575370,-23.050847,14,0,1,73
-50.194937,-21.415605,14,0,1,300
