-46.713677,-23.596339,1,60,1,324
-46.724492,-23.611862,1,40,1,97
-46.622986,-23.493684,1,40,1,345
-46.777572,-23.520496,1,100,1,90
-45.588937,-22.735933,1,50,1,252
-47.428998,-23.471966,1,90,1,225
-47.438922,-23.483460,1,70,1,180
-47.473784,-23.504434,1,60,1,90
-47.478835,-23.501696,1,60,1,65
-47.458495,-23.512327,1,60,1,255
-46.569149,-23.673779,1,60,1,11
-46.802952,-23.524793,1,60,1,299
-46.801467,-23.525616,1,60,1,118
-45.864204,-23.199620,1,60,1,156
-49.415388,-20.820138,1,60,1,226
-49.365810,-20.826566,1,90,1,135
-46.679695,-23.657734,1,60,1,176
-46.673490,-23.639602,1,50,1,221
-47.075943,-22.903450,1,60,1,104
-47.053561,-22.909771,1,70,1,66
-46.651384,-23.604140,1,70,1,5
-47.044415,-22.868362,1,70,1,191
-47.339202,-22.748980,1,50,1,49
-46.537564,-23.573781,1,40,1,283
-46.703207,-23.709395,1,50,1,47
-46.701623,-23.693231,1,40,1,179
-46.563889,-23.616380,1,60,1,270
-46.557735,-23.633595,1,50,1,202
-46.560380,-23.626367,1,40,1,225
-46.547516,-23.629714,1,50,1,330
-46.547489,-23.655963,1,40,1,141
-46.547264,-23.656118,1,40,1,339
-46.985815,-23.014758,1,60,1,342
-46.986176,-23.050770,1,60,1,180
-46.572282,-23.590525,1,40,1,99
-46.302019,-23.521814,1,60,1,235
-46.410726,-23.716701,1,60,1,315
-46.641951,-23.572261,1,40,1,355
-46.570027,-23.722966,1,40,1,48
-46.544337,-23.635149,1,60,1,151
-47.494507,-21.855462,1,110,1,163
-47.044205,-22.884562,1,60,1,187
-47.057322,-22.911197,1,70,1,247
-47.073527,-22.918804,1,60,1,233
-47.072081,-22.918009,1,60,1,54
-47.089996,-22.909122,1,60,1,77
-46.647512,-23.620455,1,60,1,159
-47.026213,-22.894381,1,60,1,98
-47.447427,-23.542072,1,40,1,1
-47.048510,-22.887532,1,60,1,81
-46.436816,-23.700159,1,60,2,328
-47.574230,-22.426312,1,90,1,335
-46.740815,-23.616837,1,40,1,6
-47.627470,-22.716023,1,60,1,270
-46.538413,-23.704248,1,40,1,301
-47.123624,-22.958785,1,60,1,251
-47.235350,-22.906276,1,40,1,244
-49.076625,-21.090316,1,110,1,309
-46.777588,-23.523359,1,60,1,85
-46.548691,-23.652690,1,60,1,1
-47.440707,-23.540510,1,50,1,275
-46.343733,-23.951714,1,50,1,235
-45.979405,-23.286653,1,60,1,3
-46.730899,-23.633567,1,40,1,90
-46.993589,-22.704582,1,60,1,120
-47.013059,-22.703083,1,110,1,2
-46.293927,-23.977861,1,60,1,359
-46.299703,-23.969135,1,60,1,143
-46.738242,-23.594902,1,50,1,244
-45.980368,-23.309747,1,40,1,76
-45.991392,-23.310639,1,60,1,260
-45.995820,-23.311352,1,70,1,97
-45.958621,-23.301596,1,40,1,62
-45.974903,-23.304054,1,40,1,332
-45.954466,-23.295577,1,50,1,355
-46.303240,-23.970302,1,50,1,126
-46.317971,-23.972480,1,50,1,305
-46.303167,-23.970200,1,50,1,310
-46.313105,-23.963655,1,50,1,126
-45.919080,-23.195583,1,50,1,130
-45.934856,-23.198443,1,60,1,45
-49.405732,-20.833629,1,60,1,23
-46.530653,-23.597264,1,40,1,253
-45.882298,-23.174029,1,60,1,263
-45.888181,-23.176938,1,50,1,338
-45.918764,-23.247492,1,60,1,12
-47.103991,-22.862355,1,60,1,315
-46.263325,-23.543127,1,60,1,279
-46.281227,-23.541465,1,60,1,87
-46.299911,-23.537422,1,60,1,292
-47.633404,-22.713208,1,40,1,315
-45.896512,-23.276087,1,50,1,225
-46.969841,-22.364424,1,110,1,4
-46.783663,-23.521427,1,60,1,282
-47.459365,-23.476529,1,40,1,69
-46.676494,-23.649073,1,60,1,37
-46.323842,-23.967508,1,40,1,185
-47.048588,-22.842750,1,60,1,286
-49.081627,-22.331667,1,50,1,260
-49.091306,-22.329222,1,50,1,303
-49.036853,-22.314329,1,60,1,256
-47.345336,-22.752220,1,50,1,260
-46.782898,-23.702271,1,40,1,235
-46.772377,-23.678348,1,40,1,123
-46.521123,-22.986556,1,60,1,108
-46.533742,-22.973560,1,60,1,149
-46.543985,-22.961375,1,60,1,357
-46.824779,-23.001421,1,50,1,248
-46.834544,-23.005597,1,50,1,290
-47.829301,-23.348116,1,50,2,73
-47.012606,-22.898244,1,70,1,254
-47.044513,-22.906079,1,60,1,279
-46.530345,-23.658786,1,60,1,154
-47.252165,-22.818543,1,50,1,270
-47.202664,-22.817522,1,100,1,120
-46.726587,-23.402410,1,50,1,280
-46.375394,-23.956499,1,40,1,17
-46.026116,-23.791902,1,50,1,160
-46.186064,-23.575833,1,50,1,99
-46.600291,-23.476103,1,50,1,46
-47.268226,-22.743711,1,100,1,315
-46.786185,-23.618536,1,50,1,160
-46.809442,-23.633418,1,40,1,186
-46.795835,-23.633164,1,40,1,146
-47.435621,-23.493264,1,50,1,49
-47.421159,-23.489055,1,70,1,280
-47.409261,-23.493429,1,70,1,105
-47.423998,-23.482289,1,60,1,315
-47.421905,-23.477025,1,60,1,353
-47.450867,-23.532249,1,60,1,191
-47.450607,-23.532032,1,60,1,14
-47.447603,-23.544092,1,40,1,204
-47.463300,-23.560126,1,60,1,355
-47.460535,-23.567692,1,60,1,115
-47.432665,-23.491304,1,60,1,240
-47.447547,-23.493862,1,70,1,238
-47.446711,-23.468915,1,60,2,246
-47.427828,-23.501486,1,50,1,315
-47.434600,-23.505416,1,50,1,179
-47.464287,-23.512684,1,50,1,45
-47.458666,-23.513808,1,50,1,243
-47.491004,-23.520686,1,60,1,195
-47.500333,-23.527086,1,60,1,31
-46.125865,-23.833976,1,40,1,241
-46.116552,-23.823239,1,40,1,264
-46.108543,-23.821043,1,40,1,250
-46.694555,-23.591009,1,50,1,45
-47.023631,-22.901013,1,70,1,75
-46.977577,-23.186296,1,100,1,68
-47.261850,-23.261778,1,100,1,225
-47.117619,-23.013807,1,110,1,207
-46.246401,-23.982304,1,50,1,324
-46.246551,-23.982179,1,50,1,145
-46.536165,-23.671959,1,60,1,18
-45.400215,-23.622939,1,50,1,298
-46.848586,-23.715208,1,50,1,8
-46.750797,-23.545809,1,40,1,154
-47.042204,-22.849846,1,70,1,18
-47.043395,-22.880349,1,60,1,190
-47.047716,-22.887208,1,60,1,262
-47.046579,-22.911658,1,60,1,250
-47.040761,-22.904976,1,60,1,158
-47.045677,-22.905992,1,60,1,95
-47.047539,-22.843504,1,100,1,105
-47.043241,-22.921433,1,50,1,332
-47.041268,-22.923506,1,50,1,119
-46.168611,-23.505588,1,60,1,58
-47.020527,-22.890787,1,70,1,230
-47.023262,-22.868382,1,60,1,44
-47.026765,-22.870595,1,60,1,55
-47.028511,-22.871586,1,60,1,234
-46.850751,-23.704335,1,50,1,166
-46.606614,-23.622032,1,40,1,81
-47.792952,-23.283561,1,120,1,91
-46.990609,-22.989100,1,60,1,357
-47.270736,-23.413826,1,120,1,290
-46.945250,-23.518771,1,100,1,82
-47.478178,-23.467618,1,60,1,344
-49.036421,-22.336483,1,60,1,253
-46.956834,-22.912578,1,110,1,77
-46.826991,-22.979495,1,110,1,120
-46.578985,-23.100883,1,80,1,269
-46.464242,-23.901939,1,80,1,111
-46.959826,-22.360256,1,60,1,110
-46.945637,-22.393053,1,60,1,19
-46.943376,-22.386384,1,60,1,17
-46.946533,-22.394950,1,60,1,200
-46.949011,-22.400187,1,60,1,203
-46.949998,-22.379891,1,60,1,270
-46.934463,-22.362590,1,60,1,169
-46.952353,-22.350297,1,60,1,225
-46.949430,-22.363650,1,60,1,276
-47.193763,-23.420236,1,120,1,93
-46.534553,-23.586795,1,40,2,113
-47.456088,-23.482623,1,50,1,315
-47.461013,-23.490082,1,50,1,315
-47.464542,-23.486805,1,50,1,315
-47.455283,-23.491273,1,50,1,225
-47.471376,-23.493605,1,50,1,112
-46.533167,-23.496709,1,120,1,71
-46.333563,-23.452074,1,120,1,225
-45.897287,-23.310360,1,120,1,33
-45.614739,-23.093634,1,80,1,72
-49.385046,-20.785749,1,60,1,45
-46.313122,-23.979998,1,50,1,131
-46.560471,-23.610082,1,60,1,304
-49.071775,-22.306108,1,60,1,200
-46.439067,-23.887688,1,50,1,258
-46.559468,-23.603212,1,40,1,238
-47.624634,-22.726111,1,60,1,291
-47.665402,-22.729467,1,60,1,335
-47.137362,-22.935375,1,60,1,82
-46.605552,-23.615306,1,40,1,91
-46.879413,-23.220725,1,100,1,321
-47.467235,-23.546579,1,60,1,158
-47.482652,-23.520500,1,50,1,285
-47.477035,-23.521932,1,50,1,106
-47.473101,-23.524646,1,50,1,34
-46.725329,-23.543478,1,50,1,291
-46.545265,-23.704852,1,40,1,22
-46.990081,-22.992685,1,60,1,353
-46.591732,-23.474972,1,50,1,264
-46.579354,-23.733659,1,40,1,198
-48.937557,-23.090684,1,80,1,201
-46.196799,-23.555347,1,60,1,285
-47.755841,-21.266844,1,90,1,9
-46.778873,-22.711294,1,50,1,240
-46.772317,-22.703587,1,50,1,200
-46.769947,-22.700321,1,50,1,40
-46.775360,-22.713343,1,50,1,324
-46.771750,-22.718687,1,50,1,347
-46.780595,-22.713830,1,60,1,14
-46.783688,-22.717789,1,60,1,47
-45.881888,-23.242433,1,60,1,17
-46.533999,-22.937225,1,50,1,0
-46.537966,-22.930388,1,40,1,296
-46.539485,-22.929477,1,40,1,131
-49.506125,-20.807908,1,90,1,270
-46.996133,-22.701817,1,60,1,355
-46.986443,-22.708309,1,60,1,288
-46.978535,-22.706456,1,60,1,324
-46.537488,-23.435649,1,50,1,194
-48.991813,-23.255932,1,100,1,233
-46.645974,-23.561331,1,50,1,354
-46.637730,-23.501192,1,40,1,164
-46.719232,-23.541740,1,50,1,180
-50.437041,-21.226619,1,60,1,4
-47.141810,-22.783386,1,60,1,159
-47.143729,-22.778357,1,60,1,340
-47.171456,-22.747141,1,60,1,133
-47.174096,-22.739532,1,60,1,359
-46.985690,-23.494129,1,120,1,331
-46.994137,-23.483030,1,120,1,325
-46.818035,-23.535411,1,100,1,174
-47.219798,-23.078633,1,60,1,239
-46.735891,-23.655912,1,40,1,184
-46.710224,-23.672047,1,40,1,155
-46.676736,-23.546868,1,60,1,5
-46.698976,-23.714956,1,40,1,195
-47.139935,-22.845967,1,60,1,123
-47.637377,-22.714168,1,50,1,207
-47.266563,-22.871737,1,120,1,271
-46.620474,-23.477216,1,50,1,30
-46.604303,-23.572106,1,60,1,173
-46.685794,-23.599131,1,60,1,301
-46.685930,-23.599503,1,60,1,120
-46.666531,-23.695082,1,40,1,238
-46.643678,-23.690467,1,40,1,15
-46.942270,-22.439050,1,50,1,318
-46.967883,-22.065993,1,80,1,59
-49.060644,-22.326919,1,50,1,257
-49.063791,-22.327760,1,50,1,75
-46.782709,-23.559578,1,60,1,196
-46.793368,-22.882568,1,50,1,352
-46.792930,-22.874694,1,50,1,195
-48.869592,-21.092021,1,100,1,79
-46.608340,-23.499841,1,40,1,259
-47.000520,-22.963560,1,60,1,270
-47.123078,-23.546112,1,50,1,165
-46.526639,-24.042417,1,60,1,239
-46.317855,-23.973911,1,40,1,121
-46.562094,-23.697664,1,90,1,343
-46.524801,-23.784573,1,110,1,313
-46.492606,-23.873584,1,50,1,266
-46.488014,-23.879373,1,50,1,189
-46.479656,-23.886048,1,50,1,27
-46.491061,-23.889546,1,50,1,315
-46.984317,-24.308926,1,60,1,50
-47.047767,-22.934385,1,60,1,60
-47.052523,-22.932490,1,60,1,331
-49.377005,-20.791870,1,60,1,179
-49.376154,-20.793305,1,60,1,359
-46.362820,-23.969352,1,50,1,76
-46.489878,-23.890492,1,50,1,72
-46.470901,-23.892550,1,50,1,66
-46.459086,-23.882602,1,60,1,46
-46.376320,-23.959084,1,40,1,18
-46.791151,-22.868888,1,50,2,15
-46.719014,-23.542038,1,50,1,0
-46.726728,-23.542859,1,50,1,136
-46.624742,-22.473561,1,50,1,215
-46.635921,-22.479469,1,50,1,182
-46.985907,-23.049067,1,60,1,18
-47.067219,-22.922897,1,60,1,288
-46.482486,-23.539156,1,40,1,256
-47.505902,-23.501781,1,50,1,90
-46.773771,-22.841477,1,60,1,225
-46.324991,-23.523722,1,60,1,130
-46.327211,-23.490520,1,60,1,158
-46.209903,-23.533089,1,50,1,77
-46.221626,-23.528727,1,60,1,331
-48.574295,-20.571314,1,40,1,99
-46.983654,-22.889484,1,60,1,70
-46.995002,-22.893334,1,70,1,70
-47.170873,-22.941262,1,60,1,225
-47.135986,-22.935065,1,60,1,264
-47.130086,-22.932012,1,60,1,29
-48.564468,-22.275674,1,90,1,213
-47.761969,-22.221018,1,110,1,299
-45.439255,-23.698540,1,60,1,148
-47.088995,-22.893657,1,60,1,298
-46.563276,-23.895880,1,100,1,163
-47.188553,-22.824827,1,100,1,300
-46.589450,-23.676795,1,60,1,90
-46.397024,-23.986285,1,60,1,228
-46.890702,-23.176231,1,50,1,292
-46.571953,-23.870652,1,120,1,163
-47.124901,-23.542594,1,50,1,313
-46.509774,-23.589239,1,40,1,288
-47.250848,-22.807081,1,60,1,266
-46.738596,-23.529564,1,60,1,140
-49.363159,-20.794621,1,60,1,45
-46.484728,-23.628392,1,60,1,16
-47.032150,-22.872969,1,60,1,240
-47.871499,-23.356887,1,50,1,68
-46.563878,-23.616511,1,60,1,90
-45.840304,-23.529101,1,40,2,92
-47.417755,-23.416538,1,50,1,301
-46.797168,-21.992115,1,80,1,266
-47.109951,-22.850698,1,100,1,257
-49.389743,-20.823850,1,60,1,90
-46.278925,-23.440669,1,120,1,102
-46.529846,-23.917245,1,80,1,23
-47.978405,-23.590421,1,80,1,75
-48.993122,-23.256898,1,100,1,53
-48.097361,-21.772961,1,100,2,238
-47.463623,-23.433351,1,40,1,259
-49.396620,-20.823083,1,60,1,263
-47.305861,-22.700996,1,100,1,322
-46.709874,-23.712533,1,60,1,312
-46.342708,-23.929443,1,50,1,90
-46.342708,-23.929326,1,50,1,270
-46.561324,-23.690352,1,40,1,128
-46.650012,-23.581268,1,70,1,231
-47.066084,-22.880435,1,60,1,348
-47.057560,-22.877638,1,60,1,74
-47.057104,-22.877373,1,60,1,258
-46.504462,-23.510424,1,50,1,270
-46.951717,-22.346635,1,90,1,51
-45.864135,-23.199582,1,60,1,336
-46.551126,-23.728168,1,60,1,347
-46.553251,-23.598471,1,40,1,109
-46.556345,-22.968992,1,60,1,242
-46.549911,-22.966359,1,60,1,276
-46.602255,-23.703792,1,120,1,12
-47.824604,-20.428792,1,60,1,287
-47.051543,-22.929299,1,60,1,259
-46.323765,-23.967519,1,40,1,5
-46.583844,-23.638779,1,60,1,345
-47.228274,-23.092873,1,60,1,200
-49.063168,-22.326090,1,50,1,138
-49.072770,-22.340380,1,50,1,45
-49.072080,-22.339510,1,50,1,225
-49.053050,-22.349270,1,50,1,135
-49.051573,-22.351017,1,50,1,323
-46.767987,-23.624516,1,40,2,24
-47.475667,-23.442731,1,50,1,90
-46.403367,-23.536264,1,40,1,59
-46.519498,-23.647974,1,40,1,225
-46.524015,-23.631203,1,40,1,66
-46.057276,-23.272060,1,110,1,320
-47.043822,-22.860632,1,70,1,354
-46.674417,-23.527743,1,60,1,241
-46.579193,-23.101046,1,80,1,88
-46.343879,-23.952258,1,50,1,6
-46.521991,-23.690235,1,30,1,169
-48.187352,-21.738284,1,70,2,342
-48.676449,-21.094276,1,100,1,154
-47.679466,-23.290793,1,40,1,192
-47.680245,-23.276872,1,40,1,349
-47.673557,-23.276027,1,40,2,178
-46.520019,-23.639541,1,60,1,180
-46.357477,-23.483537,1,50,1,267
-46.361257,-23.484285,1,50,1,64
-46.316224,-23.497264,1,50,1,358
-46.711535,-23.036181,1,110,1,99
-46.842963,-23.703750,1,40,1,225
-47.489106,-23.472571,1,60,1,320
-47.473233,-23.488803,1,50,1,315
-47.494317,-23.489056,1,60,1,228
-47.477929,-23.468935,1,60,1,164
-46.573818,-23.713845,1,60,1,175
-46.390448,-23.973190,1,40,1,7
-47.514901,-22.583086,1,50,1,3
-46.647562,-22.524098,1,50,1,160
-46.644489,-22.519392,1,50,1,47
-46.190267,-23.566359,1,50,1,47
-46.192563,-23.573193,1,50,1,113
-46.852161,-23.658219,1,50,2,188
-46.651876,-23.637129,1,40,1,47
-46.844834,-23.644669,1,50,2,42
-50.411440,-21.262138,1,110,1,314
-50.441923,-21.182721,1,60,1,350
-47.003258,-22.986207,1,60,1,176
-47.044154,-22.929613,1,60,1,132
-49.772476,-22.909444,1,110,1,258
-46.667942,-23.529531,1,60,1,300
-46.735522,-23.616712,1,40,1,60
-47.895807,-21.939508,1,80,1,350
-46.605763,-23.607622,1,60,1,19
-46.605960,-23.607539,1,60,1,199
-46.792199,-22.884332,1,50,2,119
-47.756878,-21.179804,1,90,1,3
-46.689938,-23.537085,1,50,1,213
-47.410648,-20.506404,1,100,1,207
-47.410506,-20.506362,1,100,1,27
-46.685866,-23.599404,1,60,1,120
-47.498584,-23.515898,1,50,1,87
-47.493925,-23.511700,1,50,1,248
-46.312996,-23.963575,1,50,1,306
-46.972281,-22.395019,1,110,1,5
-46.328755,-23.429526,1,60,1,181
-46.328712,-23.429417,1,60,1,2
-47.685188,-21.055095,1,100,1,246
-47.885729,-21.191750,1,110,1,151
-47.464534,-23.512787,1,50,1,230
-46.910398,-23.159518,1,70,1,339
-46.781560,-23.206464,1,50,1,300
-47.866391,-23.329907,1,50,1,135
-47.862416,-23.333569,1,50,1,135
-45.817924,-23.268761,1,80,1,305
-46.697545,-23.689538,1,60,1,15
-46.614026,-23.655217,1,40,1,213
-46.328225,-23.451449,1,60,1,212
-47.851861,-23.340140,1,50,1,110
-47.413452,-20.469265,1,100,1,0
-47.413709,-20.468863,1,100,1,180
-45.882269,-23.174091,1,60,1,84
-50.446557,-21.213529,1,50,1,84
-50.424626,-21.225802,1,60,1,130
-50.441853,-21.222406,1,60,1,85
-47.510324,-23.452876,1,60,1,112
-45.844359,-23.179915,1,60,1,258
-45.865423,-23.182482,1,60,1,333
-45.839384,-23.179121,1,110,1,242
-47.055379,-22.857861,1,60,1,135
-45.901020,-23.215571,1,80,1,180
-48.632499,-21.041624,1,100,1,250
-46.665303,-23.551616,1,50,1,30
-46.445902,-23.561892,1,60,1,7
-46.446112,-23.561882,1,60,1,189
-47.112278,-22.951156,1,60,1,225
-47.112291,-22.951375,1,60,1,45
-46.557583,-23.633612,1,50,1,22
-46.223189,-23.526432,1,60,1,151
-46.324547,-23.535784,1,40,1,111
-46.134340,-23.475495,1,60,1,52
-46.746210,-23.673825,1,60,1,62
-47.471668,-23.436823,1,50,1,87
-47.465601,-23.434808,1,50,1,64
-48.795797,-22.337324,1,110,1,79
-46.281227,-23.541381,1,60,1,267
-49.044398,-24.064579,1,100,1,256
-46.848085,-23.202034,1,60,1,270
-46.838574,-23.208233,1,60,1,122
-46.184576,-23.407577,1,120,1,213
-46.354197,-23.467239,1,120,1,73
-46.698610,-23.507573,1,90,1,268
-46.611492,-23.523407,1,90,1,111
-47.090481,-23.436198,1,120,1,270
-46.771874,-23.687590,1,60,1,218
-48.209306,-23.203525,1,120,1,310
-45.415302,-23.629336,1,50,1,34
-46.683264,-23.516882,1,60,1,287
-47.797655,-20.286906,1,110,1,4
-47.516160,-23.350227,1,120,1,297
-46.953479,-24.265045,1,80,1,237
-47.099664,-22.819519,1,80,1,143
-47.652115,-23.287798,1,50,1,279
-47.653134,-23.287580,1,50,1,116
-47.661528,-23.282595,1,40,2,102
-47.771137,-21.218751,1,70,1,332
-47.039229,-22.442982,1,100,1,280
-46.620655,-23.504016,1,60,1,36
-49.061400,-22.327950,1,60,1,324
-47.633171,-22.734678,1,50,1,135
-46.542745,-23.681865,1,60,1,236
-46.753319,-23.490555,1,40,1,105
-46.191525,-23.560436,1,60,1,143
-45.992719,-23.346932,1,120,1,75
-46.795610,-23.462242,1,100,1,32
-47.447607,-21.993106,1,110,1,163
-46.863232,-23.009638,1,50,2,79
-46.591550,-23.677368,1,60,1,227
-46.584059,-23.542763,1,60,1,78
-47.074563,-22.903672,1,60,1,284
-46.773560,-23.526021,1,60,1,10
-47.461567,-23.477488,1,40,1,65
-47.450602,-23.485418,1,50,1,31
-46.557488,-23.743080,1,60,1,60
-46.547537,-23.729342,1,60,1,149
-46.256256,-23.440751,1,120,1,90
-47.457622,-23.474714,1,40,1,41
-47.464097,-23.477090,1,50,1,245
-47.467330,-23.478520,1,50,1,247
-48.747690,-23.933976,1,100,1,275
-46.709602,-23.501617,1,50,1,140
-46.762909,-23.678549,1,60,1,47
-46.709932,-23.490883,1,60,1,352
-46.356937,-23.535555,1,40,1,250
-47.269846,-22.816071,1,50,1,315
-47.067999,-22.875355,1,60,1,163
-47.767822,-21.227127,1,70,1,162
-46.316705,-23.544726,1,60,1,200
-47.101669,-22.937972,1,60,1,229
-47.453411,-23.485585,1,50,1,129
-47.510542,-23.514895,1,50,1,298
-47.512253,-23.514109,1,50,1,137
-47.482769,-23.494489,1,50,1,315
-47.503745,-23.490852,1,60,1,69
-47.502390,-23.490175,1,60,1,249
-47.508924,-23.453076,1,60,1,278
-47.510162,-23.495134,1,50,1,328
-47.512640,-23.437252,1,50,1,225
-47.512955,-23.437800,1,50,1,37
-47.474293,-23.442541,1,50,1,250
-47.500269,-23.510696,1,50,1,135
-47.504883,-23.506376,1,50,1,315
-46.662272,-23.479215,1,40,1,150
-47.981682,-23.591184,1,80,1,76
-47.094110,-22.934803,1,60,1,243
-45.869315,-23.194192,1,100,1,62
-47.059110,-22.914987,1,70,1,21
-47.075203,-22.879637,1,60,1,355
-49.361894,-22.076802,1,110,1,315
-46.573356,-23.715827,1,60,1,0
-46.312954,-23.979998,1,50,1,318
-47.333747,-23.511422,1,80,1,294
-46.315191,-23.545246,1,50,1,0
-46.324252,-23.535833,1,40,1,288
-46.990473,-22.982048,1,60,1,8
-46.506298,-23.520598,1,60,1,91
-48.380097,-22.366174,1,60,1,225
-47.080790,-22.844314,1,60,1,213
-46.711645,-23.542350,1,50,1,168
-46.538555,-23.484128,1,110,1,235
-46.538517,-23.483961,1,90,1,235
-46.499104,-23.465109,1,90,1,68
-46.256266,-23.378883,1,110,1,54
-45.728154,-23.123118,1,110,1,241
-47.494889,-23.512453,1,50,1,35
-46.593373,-23.661513,1,70,1,149
-47.082193,-22.906083,1,60,1,121
-46.793463,-22.876511,1,50,1,195
-45.725919,-23.750962,1,40,1,336
-45.723456,-23.758097,1,40,1,136
-45.691837,-23.768056,1,40,2,303
-45.642832,-23.768526,1,60,1,272
-46.707298,-23.556945,1,60,1,338
-47.314504,-23.403914,1,120,1,279
-47.346653,-23.396978,1,120,1,292
-45.882039,-23.242452,1,60,1,195
-47.893701,-20.732633,1,110,1,3
-45.897291,-23.310037,1,120,1,213
-46.185179,-23.408620,1,120,1,40
-46.722750,-23.484544,1,50,1,55
-47.002346,-22.895676,1,70,1,250
-47.002595,-22.895768,1,70,1,73
-46.767393,-23.623864,1,40,1,90
-46.847767,-23.284419,1,120,1,355
-46.947394,-23.162541,1,120,1,315
-47.581295,-22.414312,1,90,1,135
-47.343796,-23.414216,1,110,1,43
-46.782427,-22.709934,1,40,1,320
-46.788134,-22.711916,1,40,1,77
-46.814382,-22.710433,1,40,1,22
-46.930660,-23.087735,1,60,1,61
-46.302940,-23.552486,1,50,1,309
-46.364673,-23.488079,1,60,1,331
-47.462184,-23.482830,1,50,1,66
-47.758770,-21.212820,1,90,1,182
-46.645984,-23.486923,1,60,1,254
-46.646014,-23.487143,1,60,1,66
-46.647422,-23.592834,1,60,1,293
-47.438461,-23.484719,1,70,1,0
-47.146008,-22.859332,1,50,1,121
-47.489106,-23.532029,1,60,1,348
-46.303873,-23.536997,1,40,1,133
-46.303682,-23.538683,1,40,1,186
-46.474428,-23.417218,1,50,1,266
-46.976999,-23.036778,1,60,1,141
-46.976530,-23.037021,1,60,1,321
-48.572246,-20.562486,1,40,1,148
-46.616733,-23.580058,1,40,1,309
-47.836720,-20.515599,1,110,1,201
-47.390867,-22.337409,1,110,1,202
-47.389679,-22.402553,1,110,1,1
-46.675841,-23.488111,1,40,1,3
-46.594532,-23.753619,1,120,1,160
-47.047214,-22.892474,1,60,1,17
-46.824252,-22.980865,1,110,1,303
-46.879735,-23.220503,1,100,1,141
-47.860453,-21.172707,1,100,1,122
-47.584372,-22.524227,1,110,1,175
-45.406996,-23.765742,1,50,2,139
-45.401084,-23.778074,1,50,1,137
-45.398850,-23.785953,1,50,1,170
-47.123062,-23.546058,1,50,1,345
-48.550794,-21.252979,1,60,1,302
-46.759897,-23.648596,1,40,1,87
-46.717047,-23.554841,1,90,1,298
-46.487044,-23.580110,1,50,1,255
-46.675567,-23.476886,1,50,1,56
-46.969426,-23.615262,1,60,1,90
-47.409481,-23.493292,1,70,1,285
-46.696556,-23.671099,1,40,1,199
-46.974448,-22.278653,1,110,1,165
-46.974209,-22.278611,1,110,1,345
-46.978375,-21.740870,1,60,2,53
-46.622889,-21.575160,1,40,2,24
-47.865663,-23.355604,1,50,1,87
-47.877980,-23.358743,1,50,1,76
-46.551935,-23.493240,1,90,1,52
-46.740166,-23.485597,1,60,1,128
-46.740385,-23.485354,1,60,1,307
-46.693203,-23.711417,1,60,1,0
-46.730452,-23.794661,1,40,1,181
-47.183761,-21.807131,1,100,1,265
-47.488034,-23.506670,1,50,1,292
-47.491230,-23.505477,1,50,1,292
-47.498796,-23.502684,1,50,1,293
-47.079750,-22.812117,1,60,2,14
-46.611916,-23.475950,1,40,1,302
-46.970066,-22.364220,1,110,1,184
-46.972482,-22.394983,1,110,1,185
-47.013289,-22.703085,1,110,1,182
-46.915556,-23.177593,1,100,1,315
-46.369238,-23.485852,1,60,1,275
-46.416844,-23.536148,1,40,1,311
-46.416981,-23.535875,1,40,1,175
-46.515985,-23.652269,1,60,1,90
-46.707611,-23.478815,1,60,1,200
-46.470064,-23.962059,1,110,1,19
-47.020365,-22.752089,1,110,1,4
-47.045126,-22.908070,1,60,1,160
-46.752348,-23.610403,1,50,1,44
-46.763773,-23.615166,1,40,2,309
-47.094216,-22.897551,1,70,1,313
-47.077670,-22.885213,1,60,1,208
-49.071633,-22.306157,1,60,1,20
-46.691691,-23.528171,1,40,1,91
-46.603924,-23.572369,1,60,1,356
-46.843291,-23.011625,1,50,1,343
-46.778781,-22.711305,1,50,1,61
-48.141717,-21.760714,1,70,1,32
-48.141778,-21.760653,1,70,1,212
-47.592700,-21.710110,1,110,1,161
-47.896660,-21.935004,1,80,1,170
-47.776960,-21.224016,1,90,1,23
-47.893363,-20.723505,1,110,1,182
-46.640140,-23.563615,1,70,1,13
-46.675069,-23.513664,1,90,1,278
-46.618187,-23.502470,1,60,1,270
-46.522247,-23.598198,1,40,1,294
-46.587749,-23.499303,1,40,1,29
-46.507453,-23.895913,1,80,1,15
-46.555364,-23.680826,1,60,1,177
-46.556958,-23.628358,1,50,1,350
-46.975514,-23.086394,1,100,1,147
-46.701787,-23.589829,1,50,1,45
-46.058013,-23.801665,1,40,1,180
-46.516199,-23.587176,1,40,1,263
-47.017758,-22.958502,1,60,1,112
-47.014295,-22.960265,1,60,1,306
-47.991854,-21.152446,1,70,1,0
-47.994305,-21.149569,1,70,1,101
-46.381401,-23.529257,1,40,0,128
-46.593758,-23.637959,1,90,1,135
-46.988471,-23.054175,1,60,1,61
-47.481128,-23.489983,1,50,1,61
-47.476544,-23.500549,1,60,1,244
-47.452391,-23.464500,1,60,1,184
-45.950245,-23.262732,1,70,1,358
-46.813989,-23.606508,1,100,1,15
-46.956886,-23.154117,1,120,1,140
-46.650765,-23.636054,1,40,1,242
-45.644973,-22.992555,1,80,0,149
-46.657966,-23.613326,1,70,1,221
-45.731143,-23.185781,1,120,1,214
-46.546338,-23.518491,1,40,1,20
-46.625004,-23.515220,1,60,1,2
-46.605476,-23.601870,1,40,1,87
-47.112153,-23.003612,1,110,1,22
-47.471973,-22.480785,1,110,1,288
-47.598483,-22.394099,1,110,1,319
-48.177538,-21.819057,1,110,1,308
-48.327972,-21.698482,1,110,1,310
-46.508104,-23.597487,1,40,1,95
-46.364733,-23.929534,1,40,1,115
-47.043657,-22.863132,1,70,1,174
-46.523878,-23.612357,1,40,1,145
-46.685259,-23.544607,1,40,1,30
-49.071126,-22.290930,1,60,1,192
-47.077391,-22.905349,1,60,1,302
-46.518199,-23.465438,1,50,1,341
-47.497144,-23.514466,1,50,1,284
-47.488711,-23.460596,1,50,1,298
-47.500581,-23.502034,1,50,1,114
-47.483524,-23.486032,1,60,1,119
-47.000777,-23.020924,1,50,2,156
-47.553617,-22.453459,1,110,1,307
-46.630608,-23.503872,1,60,1,274
-46.540476,-23.441635,1,60,1,296
-46.542292,-23.441484,1,60,1,123
-46.874812,-23.221455,1,60,1,195
-46.895898,-23.183669,1,60,1,125
-47.781786,-21.221806,1,80,1,100
-46.819739,-23.552323,1,100,1,345
-46.625249,-23.515292,1,60,1,182
-47.066898,-22.923432,1,70,1,196
-47.066870,-22.923636,1,70,1,16
-46.889172,-23.194951,1,60,1,357
-46.749722,-23.582835,1,40,1,192
-46.558698,-23.504934,1,60,1,355
-46.670775,-23.756021,1,40,1,281
-48.669945,-23.927150,1,100,2,148
-46.287801,-23.491430,1,40,1,91
-46.703476,-23.564088,1,70,1,340
-47.000531,-22.898854,1,100,1,288
-46.624602,-23.618082,1,40,1,110
-46.470703,-23.110049,1,80,1,61
-46.409093,-23.084702,1,60,1,244
-48.505835,-23.094008,1,80,1,180
-46.744836,-23.520249,1,40,1,85
-46.662776,-23.535494,1,60,1,205
-46.772809,-23.540265,1,60,1,179
-47.053163,-22.876753,1,60,1,78
-47.063192,-22.878896,1,60,1,211
-46.522263,-23.436956,1,50,1,356
-46.962397,-22.707420,1,60,1,283
-47.138855,-22.862434,1,100,1,302
-46.716742,-23.630183,1,90,1,225
-46.961213,-23.092864,1,60,2,64
-46.717663,-23.535757,1,40,1,261
-46.626588,-23.688056,1,40,1,45
-45.968528,-23.299444,1,50,1,34
-45.967492,-23.297842,1,50,1,205
-46.499848,-23.572673,1,40,1,100
-46.647302,-23.620694,1,60,1,339
-46.519230,-23.648008,1,40,1,45
-46.326071,-23.447545,1,120,1,68
-47.168451,-22.842188,1,100,1,139
-46.533713,-23.455911,1,50,1,352
-46.530859,-23.611021,1,40,1,101
-46.493533,-23.450249,1,60,1,340
-46.661304,-23.594197,1,40,1,71
-46.646179,-23.482982,1,40,1,126
-50.616489,-21.204375,1,110,1,84
-46.376467,-23.484493,1,60,1,258
-46.538531,-23.469315,1,50,1,175
-46.558787,-23.459682,1,60,1,203
-46.545371,-23.455383,1,50,1,0
-46.545467,-23.455107,1,50,1,180
-47.160272,-22.849700,1,100,1,127
-46.856839,-23.685277,1,40,1,155
-46.651322,-23.522018,1,60,1,152
-46.651202,-23.521869,1,60,1,332
-46.484564,-23.452631,1,50,1,240
-47.642855,-22.356694,1,110,1,120
-46.357916,-23.533834,1,40,1,241
-46.356851,-23.535580,1,40,1,69
-47.096057,-22.868291,1,70,1,119
-46.403948,-23.402356,1,50,1,232
-46.503497,-23.466071,1,60,1,68
-46.557700,-23.680659,1,40,1,184
-47.219350,-22.853726,1,50,1,214
-47.106804,-22.859796,1,60,1,142
-46.503727,-23.466038,1,60,1,248
-46.803455,-23.647774,1,40,1,95
-46.803125,-23.647737,1,40,1,275
-46.642362,-23.649364,1,40,1,230
-46.777242,-23.678427,1,40,1,260
-46.541156,-23.597440,1,40,1,325
-46.615409,-23.625698,1,40,1,82
-48.153129,-21.027919,1,110,1,130
-46.730947,-23.494138,1,40,1,326
-47.110162,-22.855839,1,60,1,318
-47.095186,-22.868625,1,70,1,301
-47.125478,-22.981274,1,50,1,90
-46.719624,-23.571063,1,60,1,64
-46.717850,-23.570209,1,60,1,246
-45.069725,-23.434173,1,50,1,7
-47.421816,-23.479196,1,60,1,175
-47.188532,-23.094664,1,110,1,45
-46.845917,-23.517211,1,60,1,78
-47.104608,-22.916726,1,60,1,50
-46.331539,-23.942836,1,50,1,277
-47.464049,-23.557120,1,50,1,165
-47.160200,-22.849497,1,100,1,305
-46.537457,-23.435839,1,50,1,10
-47.433611,-22.782572,1,120,1,122
-46.710031,-23.672339,1,40,1,335
-46.662744,-23.522057,1,60,1,280
-46.546089,-23.449438,1,50,1,135
-46.551733,-23.433590,1,50,1,135
-47.757037,-21.179792,1,90,1,183
-46.937263,-22.336024,1,90,1,51
-46.549897,-23.120720,1,30,1,99
-46.665905,-23.550174,1,60,1,157
-46.635827,-23.658373,1,50,1,21
-47.098448,-22.911908,1,60,1,230
-46.618245,-23.552496,1,60,1,276
-46.607532,-23.484296,1,60,1,209
-46.545585,-23.470086,1,60,1,0
-46.659438,-23.600761,1,60,1,43
-47.138981,-22.862625,1,100,1,123
-46.690992,-23.564440,1,50,1,148
-46.418768,-23.542126,1,40,1,100
-45.411467,-23.619653,1,40,1,236
-45.979944,-23.291198,1,60,1,352
-46.422630,-23.400069,1,50,1,67
-46.115077,-23.820129,1,50,1,353
-46.687474,-24.127282,1,60,1,61
-46.687469,-24.127189,1,80,1,241
-46.988680,-23.190534,1,80,1,233
-46.725836,-23.608213,1,50,1,212
-46.715766,-23.595270,1,60,1,110
-47.431671,-22.565148,1,80,1,253
-46.606966,-23.645516,1,40,2,65
-46.415943,-23.445579,1,50,1,249
-47.862587,-23.333355,1,50,1,315
-46.408521,-23.560306,1,40,1,258
-46.499644,-23.572650,1,40,1,280
-46.723254,-23.484645,1,50,1,241
-47.044912,-22.908035,1,60,1,342
-46.954061,-21.824482,1,100,2,111
-45.900860,-23.215574,1,80,1,2
-45.420155,-23.635875,1,50,1,33
-47.035621,-22.814958,1,90,1,16
-46.673341,-23.479899,1,60,1,19
-46.601429,-23.452184,1,50,1,0
-46.596214,-23.443950,1,40,2,11
-47.673082,-23.282915,1,40,1,178
-46.674385,-23.481039,1,60,1,225
-47.507282,-23.505105,1,50,1,132
-46.732489,-23.412878,1,60,1,322
-46.558899,-23.505204,1,60,1,174
-46.627049,-23.561548,1,50,1,77
-46.965144,-23.102924,1,40,1,330
-46.696386,-23.671100,1,40,1,19
-49.557502,-22.831508,1,110,1,225
-48.663060,-23.024062,1,120,1,290
-48.218001,-23.198187,1,120,1,299
-47.247286,-22.915081,1,40,1,10
-46.375584,-23.956648,1,40,1,197
-46.606007,-23.510869,1,50,1,188
-46.691448,-23.740855,1,50,1,15
-46.479529,-23.487858,1,40,1,188
-46.377537,-23.546527,1,40,1,210
-46.615548,-23.461435,1,50,1,0
-46.615527,-23.460530,1,50,1,180
-46.788282,-23.509748,1,60,1,359
-47.686909,-22.278194,1,80,1,103
-46.603409,-23.503552,1,50,2,26
-46.606136,-23.511918,1,50,1,24
-46.605908,-23.470934,1,40,1,37
-46.122000,-23.827524,1,40,1,169
-45.908539,-23.267803,1,40,1,90
-46.955566,-22.368353,1,60,1,352
-46.778094,-22.709505,1,50,1,241
-46.777845,-22.709454,1,50,1,61
-46.407539,-23.405913,1,50,2,28
-46.415497,-23.425578,1,50,0,96
-46.786554,-23.204456,1,60,1,144
-47.101588,-22.969958,1,80,1,196
-46.587578,-23.509395,1,40,2,17
-46.545918,-23.470844,1,60,1,180
-46.668342,-23.610224,1,60,1,40
-46.768885,-23.439240,1,100,1,57
-46.781543,-23.416782,1,60,2,50
-46.720326,-23.459939,1,50,1,254
-46.721296,-23.461042,1,50,1,322
-46.721395,-23.439367,1,50,1,173
-45.894318,-23.232057,1,40,1,93
-46.463364,-23.490057,1,60,1,318
-46.669834,-23.611607,1,60,1,220
-50.430518,-21.202588,1,60,1,90
-50.424432,-21.207759,1,60,1,225
-45.425169,-23.645440,1,50,1,20
-45.427700,-23.651498,1,50,1,195
-46.388282,-23.495430,1,40,1,333
-46.391779,-23.501335,1,40,1,311
-46.610332,-23.490478,1,60,1,23
-46.680393,-23.549697,1,50,1,270
-47.098892,-22.848190,1,50,1,257
-46.649979,-23.479990,1,40,1,149
-46.651256,-22.521620,1,50,2,107
-46.067438,-23.358296,1,120,1,80
-46.540224,-23.522254,1,40,1,56
-46.544543,-23.500874,1,100,1,190
-46.487386,-23.499234,1,40,1,13
-47.035814,-22.814908,1,90,1,196
-46.750803,-23.508131,1,40,1,82
-46.773972,-23.526245,1,60,1,190
-46.382852,-23.546042,1,40,1,75
-46.580555,-23.508279,1,40,1,18
-47.634033,-22.733325,1,50,1,144
-47.089335,-22.908914,1,60,1,259
-46.708000,-23.496066,1,60,1,148
-47.132772,-22.947394,1,60,0,19
-46.540797,-23.572614,1,40,1,15
-46.501198,-23.527485,1,40,1,114
-46.632264,-23.480441,1,40,1,156
-45.062021,-23.454580,1,50,1,319
-47.683731,-22.673322,1,60,1,335
-46.807248,-22.719491,1,60,1,320
-46.673374,-23.641050,1,60,1,330
-46.592652,-23.481648,1,40,1,284
-46.610828,-23.491096,1,60,1,203
-46.647617,-23.515555,1,60,1,269
-46.617058,-23.469881,1,50,1,193
-46.985272,-23.047569,1,50,1,202
-46.990944,-23.057021,1,60,1,211
-46.402757,-23.927100,1,110,1,293
-46.705116,-23.624080,1,90,1,71
-47.386726,-23.446239,1,60,1,1
-47.420463,-23.510503,1,110,1,225
-47.452201,-23.527175,1,90,1,78
-46.690202,-23.537589,1,50,1,33
-46.563190,-23.695440,1,90,1,164
-45.865482,-23.182502,1,60,1,152
-46.579684,-23.483658,1,40,1,333
-46.735040,-23.823293,1,40,1,356
-47.259357,-22.806405,1,50,1,0
-47.280157,-22.797191,1,50,1,0
-47.098244,-23.003799,1,120,1,142
-46.647100,-23.507196,1,60,1,78
-46.613646,-23.584095,1,40,1,263
-46.987056,-23.612166,1,60,1,270
-47.153467,-23.422918,1,120,1,279
-47.011302,-22.928345,1,100,1,183
-47.168399,-22.841914,1,100,1,319
-47.644722,-22.722565,1,60,1,20
-46.658491,-23.614059,1,70,1,41
-46.681425,-23.463492,1,50,1,115
-46.507151,-23.496231,1,40,1,315
-47.033237,-22.873657,1,60,1,61
-47.448698,-23.510656,1,50,1,178
-46.697496,-23.607426,1,90,1,14
-46.529041,-23.575367,1,40,1,305
-46.707611,-23.479218,1,60,1,14
-47.170411,-22.941213,1,60,1,45
-47.129721,-22.931300,1,60,1,214
-46.988769,-22.891456,1,70,1,70
-46.988334,-22.890972,1,70,1,250
-46.263280,-23.543223,1,60,1,99
-46.287800,-23.491384,1,40,1,277
-46.809739,-23.577029,1,100,1,337
-48.090184,-21.879261,1,80,1,135
-45.574523,-22.721381,1,50,1,205
-45.579564,-22.725472,1,50,1,247
-45.603498,-22.745104,1,50,1,225
-46.411141,-23.556314,1,40,1,323
-46.448180,-23.532767,1,40,1,53
-46.420940,-23.539967,1,40,1,299
-47.328003,-23.319525,1,110,1,346
-46.516022,-23.703445,1,50,1,71
-47.386528,-22.558211,1,60,1,270
-46.373228,-23.969833,1,40,1,300
-46.445032,-23.550319,1,40,1,3
-46.425822,-23.549724,1,40,1,344
-46.640913,-23.629329,1,60,1,87
-46.511186,-23.460209,1,50,1,19
-47.678234,-23.284737,1,40,1,168
-46.437559,-23.486816,1,40,1,154
-46.399576,-23.522887,1,40,1,357
-46.420188,-23.519399,1,40,1,136
-46.646907,-23.506900,1,60,1,258
-46.683339,-23.517036,1,60,1,106
-46.593119,-23.537116,1,40,1,82
-49.396891,-20.829045,1,40,1,33
-49.396738,-20.828674,1,40,1,213
-49.377043,-20.804112,1,40,1,90
-45.741655,-23.207220,1,120,1,26
-46.831624,-23.629179,1,40,1,249
-46.680651,-23.560624,1,60,1,135
-46.518438,-23.471151,1,60,1,63
-46.485174,-23.310584,1,40,1,180
-46.620299,-23.476932,1,50,1,223
-46.615743,-23.498018,1,40,1,5
-46.508066,-23.510679,1,50,1,69
-47.414878,-22.101306,1,110,1,343
-46.496750,-23.655678,1,60,1,240
-46.846018,-23.517159,1,60,1,258
-46.539453,-23.628775,1,60,1,156
-47.797817,-20.276634,1,110,1,175
-46.385263,-23.488637,1,40,1,231
-46.459529,-23.570148,1,40,1,120
-45.990303,-23.345700,1,120,1,245
-45.874775,-23.295841,1,120,1,223
-47.069658,-22.929342,1,70,1,31
-46.613938,-23.525330,1,40,1,293
-46.614425,-23.525264,1,40,1,114
-46.602788,-23.483599,1,40,1,245
-46.506545,-23.464370,1,50,2,259
-46.540198,-23.449262,1,50,1,42
-46.648669,-23.554416,1,60,1,207
-47.788285,-21.101651,1,110,1,146
-44.879526,-22.585088,1,80,1,90
-45.915544,-23.204014,1,70,0,9
-46.839568,-23.006561,1,50,1,290
-46.816823,-23.568065,1,50,2,115
-46.695252,-23.567615,1,50,1,83
-46.389459,-23.535833,1,40,1,94
-46.474441,-23.557009,1,40,1,90
-46.474416,-23.556806,1,40,1,270
-47.626550,-22.368493,1,80,1,135
-47.284629,-22.805790,1,50,1,315
-46.435097,-23.554295,1,40,1,256
-46.462388,-23.662379,1,50,1,270
-46.818104,-23.530192,1,60,1,189
-46.454026,-23.682606,1,60,1,345
-46.474098,-23.663001,1,60,1,264
-46.494533,-23.430026,1,60,1,187
-47.402229,-22.765468,1,90,1,270
-47.626022,-22.742163,1,50,1,150
-47.379216,-22.549962,1,60,1,225
-46.607432,-23.536516,1,40,1,344
-47.381201,-22.579750,1,40,1,76
-47.381181,-22.579700,1,40,1,254
-47.414931,-22.551506,1,60,1,311
-47.416341,-22.550356,1,60,1,136
-46.333643,-23.499348,1,50,1,59
-46.534298,-22.871553,1,60,2,341
-46.553840,-22.837554,1,60,1,104
-45.428860,-23.620745,1,40,1,138
-45.430620,-23.612494,1,50,1,6
-47.848008,-22.066412,1,110,1,330
-46.607901,-23.684467,1,60,1,73
-46.570472,-23.661029,1,50,1,343
-49.364480,-20.795847,1,40,1,45
-46.649838,-23.548284,1,60,1,70
-45.845240,-23.172188,1,50,1,256
-45.841988,-23.171658,1,50,1,90
-46.632960,-23.664355,1,110,1,354
-46.633712,-23.536768,1,60,1,182
-49.406269,-20.833120,1,40,1,197
-47.398955,-22.455919,1,100,1,181
-46.499591,-23.635544,1,30,1,296
-46.697438,-23.538980,1,40,1,354
-46.559243,-23.690452,1,60,1,122
-46.592181,-23.638259,1,70,1,310
-47.416718,-22.595292,1,60,1,207
-47.415769,-22.581308,1,50,1,295
-47.379623,-22.585568,1,60,1,118
-47.413904,-22.577315,1,70,1,165
-45.875972,-23.178814,1,80,1,22
-45.881767,-23.189220,1,80,1,213
-47.006538,-22.964097,1,60,1,236
-47.006452,-22.964290,1,60,1,53
-45.952192,-23.283698,1,70,1,17
-46.459594,-23.533515,1,40,1,315
-47.634042,-22.733143,1,50,1,315
-46.185500,-23.510157,1,50,1,146
-47.047808,-22.947554,1,60,1,206
-46.864751,-23.199961,1,60,1,132
-49.410812,-20.824901,1,60,1,100
-46.902794,-23.190978,1,60,1,266
-46.903619,-23.176707,1,60,1,97
-46.600543,-23.451347,1,50,1,232
-46.954418,-23.190859,1,70,1,270
-46.936900,-23.186604,1,70,1,91
-46.935603,-23.186434,1,70,1,261
-46.721207,-23.450128,1,50,2,163
-46.868073,-23.217517,1,70,1,265
-46.863814,-23.207049,1,50,1,310
-46.955389,-23.190971,1,70,1,90
-45.925426,-23.192963,1,60,1,243
-49.415265,-20.820223,1,60,1,46
-46.580808,-22.445976,1,60,1,220
-46.543819,-22.904566,1,60,0,22
-46.855621,-22.986632,1,40,2,144
-48.015330,-22.290022,1,110,1,254
-46.642209,-23.460425,1,60,1,279
-46.642643,-23.460397,1,60,1,100
-46.265630,-23.982536,1,50,1,156
-47.848972,-21.210444,1,110,1,116
-47.843507,-21.212689,1,110,1,296
-47.947043,-21.162648,1,110,1,280
-49.392139,-20.784889,1,40,1,311
-49.392407,-20.784774,1,40,1,145
-46.596180,-23.568040,1,40,1,287
-46.685468,-23.579866,1,60,1,156
-46.581632,-23.572035,1,40,1,36
-46.558103,-23.581992,1,60,1,95
-46.667687,-23.515635,1,90,1,97
-47.424271,-22.546929,1,70,1,61
-47.381010,-22.559884,1,70,1,181
-47.380667,-22.562402,1,70,1,1
-46.531720,-23.454241,1,50,1,280
-46.543162,-22.963802,1,50,2,9
-49.403918,-20.790921,1,40,1,45
-49.376340,-20.787005,1,40,1,3
-46.877133,-23.209202,1,60,1,301
-47.068734,-22.908011,1,40,1,163
-47.068985,-22.909365,1,50,1,194
-46.653217,-23.549412,1,60,1,225
-47.120713,-22.964790,1,120,1,325
-46.891809,-23.184818,1,50,1,110
-46.886197,-23.196099,1,50,1,180
-46.474286,-23.528040,1,40,1,350
-46.659194,-23.567339,1,60,1,42
-47.180657,-23.086719,1,60,1,113
-47.190572,-23.093206,1,60,1,76
-47.225477,-23.077421,1,60,1,353
-47.226207,-23.078307,1,60,1,125
-47.241087,-23.138246,1,60,1,77
-46.954345,-23.138781,1,50,1,87
-46.968730,-23.131722,1,60,1,284
-46.946548,-23.140292,1,50,1,120
-46.880216,-23.192461,1,50,1,145
-45.831381,-23.177619,1,60,1,74
-45.805156,-23.183579,1,60,1,93
-46.692431,-23.568620,1,60,1,150
-47.454276,-23.542422,1,40,1,91
-46.450066,-23.513889,1,60,1,270
-46.447014,-23.513813,1,60,1,90
-46.750516,-23.606261,1,50,1,246
-47.260916,-22.816862,1,60,1,212
-47.188545,-23.064296,1,60,1,238
-47.169778,-23.064064,1,60,1,294
-46.895833,-23.180063,1,50,1,321
-46.852965,-23.156289,1,40,1,333
-46.868928,-23.150762,1,50,1,306
-46.945481,-23.154260,1,60,1,69
-46.862171,-23.209594,1,50,1,316
-46.895746,-23.183514,1,60,1,311
-46.871370,-23.204701,1,70,1,130
-46.863816,-23.216923,1,60,1,210
-46.863376,-23.216854,1,60,1,70
-46.875216,-23.196970,1,40,1,299
-46.913568,-23.510780,1,120,1,253
-46.489170,-23.553847,1,60,1,277
-46.926898,-23.183467,1,70,1,74
-46.425270,-23.537076,1,40,1,135
-46.717165,-23.556539,1,90,1,118
-46.442904,-23.587831,1,60,1,167
-46.579156,-23.549417,1,60,1,169
-46.578528,-23.549557,1,60,1,333
-46.456600,-23.672880,1,50,1,138
-46.456487,-23.672885,1,50,1,318
-46.449959,-23.690423,1,60,1,0
-46.531450,-23.506304,1,40,1,255
-47.477178,-23.515632,1,60,1,91
-47.243271,-22.804530,1,70,1,45
-46.659338,-23.569474,1,50,1,225
-46.581080,-23.549502,1,40,1,315
-51.617699,-20.775781,1,60,1,290
-46.768799,-22.697414,1,40,1,164
-46.425711,-23.726014,1,50,1,180
-46.675181,-23.550707,1,40,1,25
-46.427176,-23.667858,1,50,1,116
-46.591811,-23.493989,1,40,2,32
-46.326267,-23.876901,1,60,1,90
-46.339366,-23.873540,1,60,1,249
-46.291713,-23.911664,1,80,1,149
-46.080827,-23.814889,1,40,1,79
-46.567198,-23.480296,1,40,1,335
-46.474796,-23.518444,1,60,1,152
-46.458456,-23.502336,1,70,1,345
-46.458599,-23.502594,1,70,1,180
-46.429979,-24.005743,1,80,1,68
-46.461417,-24.015386,1,80,1,255
-46.707010,-23.543182,1,40,1,34
-46.714590,-23.461906,1,40,1,141
-46.472005,-23.592513,1,60,1,273
-48.990038,-21.761453,1,40,2,150
-48.993385,-21.754024,1,40,2,150
-49.056478,-22.332198,1,60,1,321
-48.168359,-21.776842,1,70,1,25
-46.859868,-23.153556,1,50,1,274
-46.862079,-23.153071,1,50,1,121
-49.058855,-22.330374,1,60,1,120
-46.759466,-23.622203,1,40,1,90
-46.758930,-23.622134,1,40,1,270
-47.233293,-22.819335,1,50,1,90
-47.156926,-22.738076,1,100,1,222
-47.157099,-22.748413,1,80,1,318
-46.836978,-23.212892,1,40,1,90
-46.836981,-23.212816,1,40,1,270
-46.854372,-23.207242,1,60,1,270
-46.985376,-22.901396,1,110,1,105
-46.870987,-23.204779,1,70,1,310
-46.708639,-23.538056,1,40,1,140
-47.147437,-22.700486,1,100,1,325
-46.808187,-23.207940,1,60,1,266
-46.887927,-23.203351,1,50,1,90
-46.465323,-23.498801,1,60,1,71
-46.814988,-23.652323,1,40,1,189
-46.814949,-23.652423,1,40,1,9
-46.811727,-23.645231,1,50,2,56
-46.818199,-23.820303,1,50,1,342
-46.818258,-23.820349,1,50,1,169
-46.801232,-23.675005,1,30,1,90
-46.801095,-23.674917,1,30,1,270
-51.520477,-22.066889,1,100,1,315
-46.785442,-23.634053,1,50,1,261
-46.459704,-23.533507,1,40,1,135
-46.874557,-23.221513,1,60,1,15
-46.910784,-23.158926,1,70,1,159
-49.027184,-22.338323,1,50,1,129
-51.366083,-20.884868,1,110,1,298
-51.366711,-20.884695,1,110,1,119
-47.103884,-22.898355,1,70,1,76
-47.377485,-22.750086,1,70,1,270
-47.395451,-22.755994,1,50,1,248
-51.555609,-20.803340,1,110,1,135
-47.057520,-23.260933,1,40,1,239
-47.055845,-23.259191,1,40,1,201
-47.055364,-23.257288,1,40,1,191
-46.417281,-23.493818,1,40,1,270
-47.376641,-21.944232,1,80,1,215
-47.384351,-22.752473,1,70,1,90
-46.913971,-23.151251,1,70,2,160
-47.251319,-22.846903,1,50,2,77
-47.062664,-22.840252,1,60,1,169
-47.062825,-22.838594,1,60,1,347
-46.284974,-23.927599,1,80,1,350
-47.147267,-23.055737,1,110,1,224
-47.225005,-23.123884,1,40,1,50
-47.222302,-23.121611,1,60,1,46
-47.221926,-23.120792,1,60,1,230
-47.180852,-23.086557,1,60,1,296
-47.092621,-22.921057,1,100,1,313
-47.076877,-22.849757,1,80,1,334
-46.317125,-23.178541,1,110,1,84
-46.089086,-23.256391,1,100,1,42
-46.818237,-23.512810,1,100,1,319
-48.205411,-21.799162,1,110,1,126
-47.440300,-23.469045,1,50,2,11
-49.042604,-22.356456,1,80,1,345
-49.050372,-22.330636,1,80,1,345
-49.053459,-22.320460,1,80,1,350
-49.056412,-22.310977,1,80,1,150
-46.793806,-22.879990,1,50,2,351
-46.849468,-22.993818,1,50,1,211
-46.836182,-22.982102,1,60,1,15
-46.917629,-23.081270,1,80,1,275
-46.809055,-23.209674,1,60,1,277
-47.432744,-23.463777,1,60,1,113
-47.451884,-23.459365,1,60,1,4
-46.653502,-23.567260,1,50,1,312
-46.677356,-23.514556,1,70,1,109
-47.097180,-22.896542,1,70,1,93
-47.100544,-22.897055,1,70,1,251
-48.474531,-22.879733,1,80,1,95
-48.798762,-22.584584,1,80,1,308
-49.062386,-22.302941,1,80,1,135
-49.825101,-21.641338,1,110,1,125
-50.369257,-21.300099,1,110,1,135
-50.431703,-21.244042,1,80,1,315
-50.438047,-21.238576,1,80,1,134
-50.478962,-21.206891,1,80,1,275
-47.467294,-23.435081,1,50,1,225
-47.459760,-23.433636,1,50,1,260
-47.458879,-23.433560,1,50,1,80
-47.477539,-23.438724,1,60,1,190
-47.478607,-23.441343,1,60,1,3
-47.479485,-23.477275,1,50,1,203
-47.022199,-22.900590,1,70,1,255
-46.920643,-22.931381,1,110,1,250
-46.553107,-23.098768,1,110,1,266
-46.531431,-23.506378,1,40,1,75
-47.371590,-22.588899,1,60,1,295
-46.993020,-22.697688,1,60,1,213
-51.215364,-20.990250,1,110,1,121
-46.417317,-23.493942,1,40,1,90
-46.897867,-23.195310,1,50,1,180
-47.193535,-24.284680,1,80,1,290
-47.086317,-22.899730,1,70,1,283
-47.083436,-22.900871,1,70,1,122
-47.021718,-22.892408,1,70,1,50
-45.884225,-23.220441,1,50,1,338
-47.031152,-23.463507,1,120,1,293
-46.497909,-23.474438,1,120,1,49
-46.601808,-23.619434,1,60,1,181
-46.469858,-23.593072,1,60,1,92
-46.634560,-23.587670,1,60,1,355
-47.089007,-22.899555,1,70,1,90
-47.028342,-22.850123,1,100,1,310
-47.177792,-23.128098,1,50,2,290
-46.544866,-23.758793,1,40,1,33
-47.236241,-22.799599,1,70,1,235
-47.374549,-22.748980,1,40,1,245
-47.296585,-22.947931,1,50,1,84
-47.296601,-22.947849,1,50,1,262
-47.311780,-22.949247,1,50,1,95
-47.590805,-22.776538,1,100,1,153
-47.072465,-22.858912,1,80,1,157
-46.698482,-23.507133,1,70,1,263
-46.937031,-23.601676,1,80,1,277
-47.723842,-23.117634,1,60,1,299
-47.430128,-23.494784,1,50,2,158
-46.644000,-23.468791,1,40,1,46
-47.476880,-22.997459,1,60,1,195
-47.846994,-23.044138,1,60,1,119
-47.451961,-23.512187,1,70,1,325
-47.981687,-23.591150,1,80,1,256
-47.829595,-23.555797,1,100,1,79
-47.548279,-23.510930,1,110,1,110
-47.323179,-23.260440,1,110,1,21
-46.685766,-23.582688,1,60,1,45
-49.394227,-20.798491,1,60,2,45
-46.494221,-23.552584,1,60,1,135
-48.447070,-22.912354,1,60,2,2
-47.952960,-23.447442,1,110,1,228
-46.646400,-22.525700,1,50,2,132
-49.007408,-21.144008,1,110,1,130
-46.428524,-23.484717,1,40,1,86
-48.465338,-22.920218,1,90,1,34
-46.642117,-23.549505,1,60,1,245
-47.403381,-23.494047,1,70,1,280
-46.992638,-22.704296,1,40,1,290
-47.033666,-22.808603,1,90,1,15
-45.417546,-23.624482,1,40,2,79
-49.429602,-20.820857,1,90,1,113
-49.806661,-21.653821,1,110,1,305
-49.751549,-21.694712,1,110,1,315
-49.249099,-22.160514,1,110,1,305
-49.165886,-22.220671,1,110,1,321
-49.018825,-22.395017,1,110,1,328
-48.750490,-22.626242,1,110,1,305
-46.631320,-23.785570,1,100,1,60
-46.538931,-23.484493,1,110,1,55
-46.548553,-22.918996,1,60,1,23
-46.807683,-23.509888,1,40,1,39
-46.836071,-22.981597,1,60,1,191
-46.449934,-23.556449,1,50,1,92
-47.399146,-22.505539,1,100,1,170
-46.651012,-23.517989,1,70,1,99
-49.508911,-21.918572,1,110,1,135
-47.224123,-23.123186,1,60,2,50
-46.415896,-23.524025,1,40,1,281
-47.413638,-22.589967,1,60,1,205
-47.420034,-22.602970,1,60,2,200
-46.853073,-22.727443,1,60,1,29
-46.572704,-23.394942,1,80,1,207
-46.460229,-23.925047,1,60,1,5
-46.522897,-23.916671,1,100,1,235
-46.389063,-23.556089,1,40,1,275
-46.349163,-23.473630,1,40,2,238
-46.771539,-23.004311,1,110,1,104
-46.423170,-23.905952,1,50,1,1
-46.419587,-23.888805,1,50,1,180
-46.426559,-23.892218,1,50,2,260
-47.380112,-22.568787,1,70,1,170
-47.380919,-22.584727,1,60,1,298
-48.496031,-23.114519,1,120,1,128
-48.234327,-23.194166,1,120,2,95
-46.682197,-23.560365,1,50,1,57
-45.743225,-23.322243,1,80,1,125
-46.696157,-23.571554,1,60,1,264
-46.364197,-23.489036,1,60,1,146
-46.311581,-23.444100,1,120,1,257
-46.205149,-23.419889,1,120,1,227
-46.230742,-23.430971,1,120,1,247
-46.160595,-23.387801,1,80,1,61
-46.544023,-22.961605,1,60,1,175
-47.122733,-22.958591,1,60,1,71
-47.095068,-22.918247,1,60,1,323
-47.097725,-22.821538,1,80,1,323
-48.171052,-23.832796,1,100,1,210
-48.840593,-23.975785,1,100,1,104
-45.881555,-23.189616,1,80,1,32
-45.927829,-23.331589,1,120,1,68
-45.915637,-23.324503,1,120,1,219
-47.398701,-22.593052,1,40,2,158
-50.072433,-21.481674,1,110,1,125
-50.005579,-21.517506,1,110,1,119
-47.399882,-22.587185,1,50,1,322
-50.386848,-22.647273,1,110,1,299
-50.453735,-22.635352,1,110,1,274
-50.924016,-22.484247,1,100,2,302
-51.306973,-22.262575,1,110,1,130
-51.346616,-22.217520,1,110,1,338
-45.614248,-23.089079,1,80,1,157
-45.644288,-23.110118,1,120,1,45
-51.834397,-21.896365,1,100,1,135
-50.243514,-22.719910,1,110,1,299
-49.081615,-22.331746,1,50,1,80
-46.365649,-23.407383,1,60,2,16
-46.354568,-23.400315,1,60,1,277
-46.344594,-23.400426,1,60,2,250
-47.888811,-21.975309,1,80,2,350
-46.903456,-23.176592,1,60,1,277
-47.366127,-22.732317,1,50,1,347
-47.366210,-22.732184,1,50,1,170
-46.578611,-23.549802,1,60,1,333
-46.579135,-23.548697,1,60,1,169
-47.079522,-23.050227,1,80,1,102
-47.079332,-23.050239,1,80,1,282
-46.382531,-23.545929,1,40,1,253
-49.627679,-22.241474,1,110,1,87
-47.597365,-21.696187,1,110,1,341
-46.652818,-23.535354,1,50,1,135
-46.663515,-23.541579,1,40,1,220
-50.185208,-22.749445,1,110,1,119
-46.661525,-23.515137,1,70,1,278
-46.814812,-23.495300,1,100,1,229
-46.642841,-23.536144,1,60,1,147
-49.046609,-22.316699,1,50,2,255
-46.573668,-23.569936,1,60,1,183
-46.572902,-23.571550,1,60,1,314
-47.388543,-22.576782,1,60,2,315
-47.415836,-22.593977,1,60,1,26
-50.425163,-21.225739,1,60,2,40
-46.317301,-23.391077,1,50,2,224
-46.330072,-23.405711,1,60,1,162
-46.329832,-23.405479,1,60,1,342
-46.848475,-23.360795,1,100,1,359
-46.598211,-23.545826,1,60,1,59
-47.266338,-22.805813,1,50,1,120
-46.642456,-23.549850,1,60,1,64
-46.405169,-24.008436,1,40,1,322
-46.557785,-23.581876,1,60,1,282
-46.374986,-23.963345,1,50,1,140
-46.374718,-23.963431,1,50,1,293
-46.705118,-23.517508,1,40,1,296
-51.516113,-21.475986,1,60,1,260
-46.575834,-23.401505,1,80,1,160
-46.438108,-24.010424,1,40,1,248
-46.439595,-24.011094,1,40,1,68
-46.726806,-22.634486,1,60,2,53
-46.586811,-23.580673,1,60,1,174
-46.587353,-23.574539,1,60,1,352
-46.364075,-23.417301,1,30,1,73
-48.893023,-22.518196,1,110,1,296
-49.001395,-22.421063,1,110,1,148
-46.335126,-23.969021,1,50,1,283
-46.335935,-23.968959,1,50,1,103
-46.943971,-23.153587,1,60,1,249
-46.430919,-23.927848,1,70,1,323
-46.648271,-23.592618,1,60,1,113
-46.859822,-23.183005,1,40,2,276
-46.872954,-23.189123,1,40,1,77
-46.670484,-23.559570,1,60,1,239
-46.670399,-23.559701,1,60,1,58
-47.812894,-23.071102,1,80,1,325
-46.683775,-23.567275,1,60,1,240
-46.618721,-23.552639,1,60,1,97
-48.800401,-22.583656,1,80,1,131
-48.415133,-23.143533,1,120,1,283
-46.636050,-23.657838,1,50,1,165
-46.024579,-23.334453,1,110,1,188
-46.364440,-23.969597,1,50,1,254
-46.394723,-23.950976,1,50,2,96
-46.683558,-23.567328,1,60,1,60
-47.637522,-22.714590,1,50,1,27
-47.646663,-22.727569,1,40,1,298
-50.364134,-21.304579,1,110,1,313
-46.660623,-23.558507,1,50,2,225
-46.434837,-23.447976,1,50,1,344
-46.845748,-23.214879,1,40,1,180
-46.847078,-23.209752,1,40,2,128
-46.661317,-22.554944,1,60,1,23
-46.633314,-22.487625,1,50,1,172
-46.606195,-23.730253,1,120,1,153
-46.995164,-22.966037,1,60,1,349
-46.995324,-22.965888,1,60,1,176
-45.844343,-23.179977,1,60,1,72
-48.168453,-21.776804,1,70,1,205
-47.459354,-23.514482,1,50,1,62
-47.038879,-23.157690,1,60,1,288
-47.043937,-23.156117,1,60,1,108
-46.451962,-24.015670,1,40,1,247
-46.572105,-23.579095,1,60,1,205
-46.680439,-23.807510,1,100,1,260
-47.244188,-23.137119,1,50,2,310
-45.945344,-23.294118,1,50,1,330
-45.748492,-23.213967,1,120,1,59
-46.939538,-22.379256,1,50,1,280
-46.947222,-22.380069,1,60,1,89
-46.596405,-23.630929,1,70,1,350
-46.606620,-23.621985,1,40,1,258
-46.600337,-23.457046,1,40,1,110
-45.844971,-23.277952,1,120,1,84
-46.952007,-22.346687,1,90,1,231
-49.051457,-22.351319,1,50,1,143
-47.055934,-22.856427,1,60,1,325
-46.600450,-23.456925,1,40,1,290
-46.262732,-23.966676,1,50,1,66
-46.877468,-23.155098,1,40,1,11
-46.446236,-23.572471,1,60,1,158
-48.498537,-22.851799,1,110,1,124
-47.869384,-23.258676,1,120,1,94
-47.551687,-23.333890,1,120,1,117
-48.358297,-22.933881,1,80,1,48
-47.422287,-22.587627,1,40,1,188
-46.403458,-23.536262,1,40,1,239
-46.639976,-23.568410,1,60,1,182
-49.754945,-21.672168,1,30,1,330
-49.452690,-21.975698,1,110,1,142
-49.452529,-21.975593,1,110,1,322
-45.612348,-22.859152,1,80,1,104
-46.734482,-23.802683,1,100,1,293
-46.762426,-23.784733,1,60,1,359
-46.771942,-23.763369,1,100,1,307
-46.814085,-23.701206,1,100,1,331
-46.823835,-23.667832,1,100,1,13
-46.745098,-23.798612,1,100,1,116
-46.797554,-23.753606,1,100,1,118
-46.540157,-23.522151,1,40,1,249
-46.546341,-23.518281,1,40,1,195
-46.501055,-23.527495,1,40,1,293
-47.733278,-23.141070,1,60,1,26
-46.613464,-22.469022,1,40,1,135
-46.586299,-22.499332,1,60,2,157
-47.788137,-21.101531,1,110,1,326
-46.645339,-23.562800,1,60,1,41
-46.643984,-23.569547,1,60,1,177
-46.691528,-23.509208,1,90,1,102
-46.830667,-23.215355,1,40,1,23
-46.509813,-23.519699,1,60,1,287
-49.520610,-22.793120,1,110,1,222
-49.500481,-22.772091,1,110,1,221
-46.632095,-23.480675,1,40,1,350
-47.614215,-22.720956,1,110,1,97
-47.316972,-22.734360,1,60,1,320
-47.302097,-22.730464,1,70,1,254
-47.301973,-22.730773,1,60,1,74
-47.308759,-22.731973,1,60,1,255
-47.335681,-22.753288,1,60,1,207
-47.345108,-22.769755,1,60,1,225
-47.352600,-22.744747,1,50,1,275
-47.339293,-22.741922,1,60,1,68
-46.752424,-23.610109,1,50,1,188
-46.500899,-23.884572,1,80,1,79
-47.431290,-22.532810,1,80,2,135
-47.401089,-22.543900,1,70,1,280
-47.400137,-22.544180,1,70,1,100
-47.306431,-22.745755,1,60,1,320
-47.308538,-22.738886,1,50,1,340
-47.308783,-22.738954,1,50,1,160
-48.453097,-22.884607,1,60,1,22
-47.360917,-22.727901,1,60,1,339
-47.508783,-23.503734,1,50,1,133
-46.668144,-23.529568,1,60,1,122
-47.390873,-22.264117,1,110,1,6
-47.493349,-21.858277,1,110,1,342
-47.567429,-21.753100,1,110,1,310
-47.788934,-20.066730,1,110,1,172
-47.883069,-20.667421,1,110,1,12
-47.883329,-20.600779,1,110,1,9
-48.448720,-24.953437,1,60,1,298
-46.449755,-23.556407,1,50,1,272
-46.435308,-23.554336,1,40,1,107
-45.841868,-23.171591,1,50,1,270
-47.062846,-22.835408,1,60,1,221
-47.123839,-22.849737,1,60,1,101
-47.123646,-22.849680,1,60,1,282
-46.708195,-23.577579,1,60,1,203
-46.565377,-23.385882,1,80,1,227
-46.292226,-23.540208,1,60,1,292
-47.217050,-23.116739,1,40,2,49
-46.938688,-22.930049,1,110,1,298
-46.686743,-23.037886,1,110,1,101
-46.267249,-23.984341,1,30,1,146
-46.273062,-23.994486,1,40,1,190
-46.272941,-23.994360,1,40,1,10
-46.264315,-23.998803,1,40,1,16
-46.263018,-23.990152,1,40,1,287
-46.274191,-23.999236,1,50,1,174
-46.274117,-23.999016,1,50,1,354
-47.042520,-22.881609,1,60,1,346
-45.070019,-23.437130,1,50,1,1
-46.627156,-21.578537,1,40,2,172
-46.512417,-23.874702,1,100,1,48
-46.684150,-23.461120,1,40,1,345
-46.549310,-23.486076,1,50,1,285
-46.549371,-23.486127,1,50,1,105
-47.092452,-22.607585,1,60,2,303
-46.482699,-23.720872,1,100,1,259
-46.543690,-23.763227,1,100,1,278
-46.567736,-23.757270,1,100,1,63
-46.469624,-23.718068,1,80,1,62
-46.466345,-23.703294,1,60,1,314
-46.467028,-23.888856,1,50,1,85
-47.302064,-22.730531,1,70,1,74
-47.317065,-22.734415,1,60,1,140
-47.306519,-22.745818,1,60,1,140
-47.352605,-22.744829,1,50,1,95
-47.335603,-22.753313,1,60,1,25
-47.344976,-22.769832,1,60,1,41
-47.326448,-22.733700,1,50,1,69
-47.326483,-22.733633,1,50,1,253
-47.333854,-22.731861,1,50,1,312
-47.333918,-22.731896,1,50,1,143
-47.345167,-22.720422,1,60,1,340
-47.345267,-22.720427,1,60,1,160
-47.360984,-22.727923,1,60,1,162
-47.337692,-22.734379,1,50,1,92
-47.337742,-22.734327,1,50,1,272
-46.414702,-23.919073,1,60,1,307
-47.543117,-22.320653,1,60,2,11
-47.325072,-22.753783,1,50,1,54
-47.325161,-22.753627,1,50,1,233
-47.359619,-22.759526,1,50,1,354
-47.359898,-22.758171,1,50,1,173
-46.448057,-23.532609,1,40,1,237
-45.795375,-23.251343,1,120,1,217
-46.040999,-23.344628,1,120,1,237
-48.750728,-22.152742,1,40,2,248
-48.756087,-22.154766,1,40,2,248
-46.766336,-23.607864,1,50,1,70
-46.504206,-23.668659,1,50,1,303
-46.504947,-23.667981,1,50,1,150
-46.708469,-23.538147,1,40,1,316
-45.734209,-23.190394,1,120,1,33
-45.606597,-22.750004,1,50,2,24
-45.610352,-22.756449,1,40,2,21
-46.077716,-23.359744,1,120,1,260
-46.264444,-23.984799,1,40,1,26
-47.398800,-23.430986,1,60,1,120
-47.398458,-23.430648,1,60,1,296
-46.772828,-23.618791,1,40,1,260
-46.772984,-23.618854,1,40,1,87
-46.558706,-23.892988,1,100,1,87
-46.651283,-23.623222,1,60,1,307
-46.527400,-23.780233,1,80,1,343
-46.649794,-23.480050,1,40,1,299
-47.448003,-23.494310,1,70,1,58
-46.967966,-22.065882,1,80,1,239
-47.431580,-23.464107,1,60,1,288
-47.436542,-23.460311,1,60,1,142
-47.436110,-23.460780,1,60,1,322
-47.458432,-23.496553,1,50,1,162
-46.555278,-23.680618,1,60,1,359
-47.092795,-22.893860,1,60,1,82
-47.119611,-22.936245,1,50,1,140
-50.185179,-22.749356,1,110,1,299
-51.209177,-22.318331,1,110,1,302
-51.209249,-22.318393,1,110,1,122
-47.467910,-23.493869,1,50,1,148
-47.058268,-22.926678,1,60,1,229
-46.981683,-22.888728,1,60,1,250
-47.058292,-22.872868,1,60,1,114
-46.430011,-24.005674,1,80,1,248
-47.429711,-22.049119,1,110,1,167
-47.417303,-22.094785,1,110,1,162
-47.394365,-22.374084,1,110,1,357
-46.511529,-23.694687,1,50,1,55
-47.190761,-22.892160,1,60,2,154
-47.194555,-22.884920,1,50,1,335
-47.226810,-22.854559,1,60,1,120
-47.049264,-22.907027,1,60,1,67
-47.073492,-22.918954,1,60,1,52
-46.644553,-23.515645,1,60,1,89
-48.162649,-21.750578,1,50,1,4
-48.162723,-21.750334,1,50,1,184
-46.697582,-23.571861,1,60,1,83
-47.632898,-22.715800,1,50,1,183
-46.325130,-23.523508,1,60,1,310
-46.216512,-23.516043,1,50,1,231
-46.498715,-23.432385,1,50,1,294
-47.598603,-22.750478,1,100,1,349
-46.208905,-23.532601,1,50,1,217
-46.607287,-23.498335,1,40,1,286
-46.607552,-23.498394,1,40,1,90
-46.441988,-23.528870,1,40,2,55
-46.642441,-23.649474,1,40,1,49
-46.461396,-24.015461,1,80,1,75
-46.544455,-23.685350,1,40,1,348
-46.538783,-23.698920,1,40,1,139
-46.855431,-23.188788,1,60,1,34
-46.541902,-23.715028,1,40,1,354
-46.551856,-23.660454,1,40,1,298
-46.854647,-23.178367,1,50,1,191
-46.643708,-23.690377,1,40,1,195
-49.694185,-21.039261,1,60,1,58
-49.696482,-21.040316,1,60,1,239
-46.623816,-24.093987,1,60,1,59
-46.525547,-22.982830,1,60,1,322
-46.525552,-22.982965,1,60,1,140
-46.533747,-22.973342,1,60,1,332
-46.750645,-23.508051,1,40,1,263
-46.175788,-23.396453,1,120,1,226
-47.216818,-23.117189,1,40,2,49
-47.226639,-23.125258,1,40,1,48
-46.879232,-23.153798,1,80,1,77
-47.014289,-22.881960,1,100,1,161
-46.583876,-23.638890,1,60,1,165
-46.615054,-23.625598,1,40,1,262
-46.563958,-23.689330,1,60,1,263
-46.847256,-23.167066,1,60,1,29
-46.547437,-23.729321,1,60,1,327
-49.376363,-20.823498,1,90,1,271
-46.521859,-23.690426,1,30,1,341
-46.557562,-23.680625,1,40,1,359
-46.618239,-23.552355,1,60,1,277
-46.416077,-23.524049,1,40,1,100
-46.397247,-23.436989,1,50,1,322
-46.397918,-23.436312,1,50,1,126
-46.396552,-23.444589,1,50,1,51
-46.596214,-23.568105,1,40,1,107
-46.540864,-23.572533,1,40,1,194
-46.537784,-23.573798,1,40,1,102
-46.507820,-23.597467,1,40,1,275
-46.530935,-23.597396,1,40,1,73
-46.523680,-23.631011,1,40,1,247
-46.522585,-23.597935,1,40,1,146
-46.529309,-23.575249,1,40,1,126
-45.726048,-23.750870,1,40,1,151
-46.615743,-23.497680,1,40,1,195
-46.587550,-23.498961,1,40,1,227
-46.579888,-23.483397,1,40,1,153
-46.593065,-23.481605,1,40,1,104
-46.408689,-23.433315,1,50,1,76
-47.281875,-20.620366,1,100,2,84
-47.027314,-23.154510,1,50,2,187
-47.053244,-23.168855,1,50,2,158
-47.055244,-23.163076,1,50,2,181
-47.043597,-23.146363,1,50,2,189
-47.075551,-23.150160,1,60,2,107
-47.060406,-23.179130,1,60,2,63
-46.995692,-23.024901,1,50,1,299
-46.995875,-23.024901,1,50,1,120
-47.251466,-20.624021,1,100,1,71
-46.510182,-23.589092,1,40,1,128
-46.600144,-23.475902,1,50,1,223
-46.612278,-23.475834,1,40,1,122
-46.617066,-23.470119,1,50,1,21
-46.592014,-23.475047,1,50,1,84
-46.605798,-23.470734,1,40,1,217
-50.819767,-22.544860,1,100,1,122
-46.567270,-23.480319,1,40,1,155
-46.662026,-23.479472,1,40,1,329
-46.645903,-23.483103,1,40,1,313
-46.190078,-23.566091,1,50,1,227
-46.676950,-23.546859,1,60,1,185
-47.731592,-23.117410,1,60,1,108
-47.764611,-23.105155,1,60,1,155
-46.484618,-24.027771,1,40,1,247
-46.815760,-23.207138,1,60,1,92
-46.808433,-23.209816,1,60,1,97
-46.820650,-23.208678,1,60,1,238
-46.482758,-23.539326,1,40,1,75
-46.474361,-23.528154,1,40,1,170
-46.459202,-23.570739,1,40,1,356
-46.487043,-23.580226,1,50,1,73
-46.479484,-23.488045,1,40,1,6
-46.388460,-23.495244,1,40,1,152
-46.523559,-23.612650,1,40,1,318
-46.389466,-23.535754,1,40,1,270
-46.445087,-23.550098,1,40,1,183
-46.487379,-23.499025,1,40,1,198
-46.541404,-23.597206,1,40,1,148
-46.507376,-23.496107,1,40,1,135
-46.399649,-23.522645,1,40,1,177
-46.391986,-23.501249,1,40,1,132
-49.088376,-22.319655,1,50,1,196
-46.418535,-23.542126,1,40,1,283
-46.377504,-23.546539,1,40,1,28
-46.717364,-23.489523,1,50,1,297
-46.425937,-23.549597,1,40,1,165
-46.420091,-23.519448,1,40,1,315
-46.553200,-23.598445,1,40,1,289
-46.581672,-23.571993,1,40,1,216
-46.540007,-23.448991,1,50,1,222
-46.428358,-23.484673,1,40,1,266
-46.385350,-23.488808,1,40,1,26
-46.516580,-23.587194,1,40,1,106
-46.560321,-23.626432,1,40,1,57
-46.753142,-23.490548,1,40,1,285
-46.616833,-23.580038,1,40,1,129
-46.511221,-23.460019,1,50,1,192
-46.768454,-23.534547,1,60,1,112
-46.768387,-23.534440,1,60,1,292
-46.408674,-23.560403,1,40,1,76
-46.411078,-23.556671,1,40,1,143
-46.583597,-23.316951,1,60,2,221
-46.675879,-23.488087,1,40,1,185
-46.750664,-23.545889,1,40,1,335
-46.721272,-23.439592,1,50,1,349
-46.685088,-23.544285,1,40,1,211
-46.661113,-23.594045,1,40,1,250
-46.706927,-23.542997,1,40,1,214
-46.711542,-23.542460,1,50,1,348
-46.717888,-23.535859,1,40,1,81
-46.697476,-23.538788,1,40,1,175
-46.731164,-23.493976,1,40,1,146
-46.624357,-23.618137,1,40,1,307
-46.650974,-23.462052,1,40,1,54
-46.650805,-23.461872,1,40,1,234
-46.678437,-23.502203,1,40,1,184
-46.678401,-23.502249,1,40,1,4
-46.572342,-23.590458,1,40,1,280
-46.531939,-23.454244,1,50,1,98
-46.485458,-24.022922,1,80,1,71
-46.725945,-23.608507,1,50,1,32
-46.735433,-23.616344,1,40,1,220
-46.730424,-23.633488,1,40,1,270
-47.510547,-22.996509,1,40,1,90
-47.576314,-22.819033,1,100,0,1
-46.735854,-23.656237,1,40,1,5
-46.777148,-23.678433,1,40,1,78
-46.782863,-23.702321,1,40,1,50
-49.039919,-22.337572,1,60,1,73
-46.772261,-23.678347,1,40,1,302
-46.818025,-23.529941,1,60,1,9
-47.759405,-21.229089,1,90,1,2
-46.701571,-23.693467,1,40,1,358
-46.592052,-23.716569,1,50,1,167
-47.367146,-23.249214,1,80,1,141
-47.366111,-23.250335,1,80,1,321
-48.509554,-25.015436,1,60,1,195
-46.241458,-23.169307,1,100,1,50
-46.106990,-23.249669,1,110,1,128
-46.906612,-21.841382,1,80,1,111
-46.904516,-21.842096,1,80,1,290
-46.592233,-23.715216,1,50,1,347
-46.571165,-22.969881,1,60,0,70
-46.884865,-23.171789,1,50,1,17
-46.964195,-24.270348,1,80,1,68
-47.424284,-20.532019,1,100,1,193
-47.424450,-20.532182,1,40,1,184
-47.427128,-20.578780,1,110,1,21
-47.756479,-21.158727,1,90,1,175
-47.756323,-21.158694,1,90,1,355
-46.469834,-23.672806,1,60,1,185
-46.469994,-23.678456,1,60,1,179
-46.469586,-23.685206,1,60,1,359
-46.469654,-23.677780,1,60,1,359
-47.515450,-23.494212,1,50,1,192
-47.124858,-22.981201,1,50,1,269
-46.542162,-22.892592,1,60,0,23
-46.726948,-23.402427,1,50,1,99
-46.577373,-23.755682,1,40,1,238
-48.370704,-22.944052,1,80,1,90
-47.978351,-23.590380,1,80,1,257
-46.667956,-23.574680,1,60,1,52
-48.320445,-23.977990,1,100,1,21
-48.545923,-20.664123,1,110,1,341
-46.850734,-23.704193,1,50,1,348
-46.842770,-23.703610,1,40,1,45
-46.570988,-23.740395,1,40,1,240
-46.511733,-23.694630,1,50,1,234
-46.614215,-23.655583,1,40,1,31
-46.666797,-23.695321,1,40,1,56
-48.840577,-23.975754,1,100,1,284
-47.515505,-23.494648,1,50,1,12
-49.071180,-22.304990,1,50,1,11
-46.272352,-23.968693,1,40,1,211
-45.978064,-23.309359,1,40,1,57
-46.251508,-23.976671,1,50,1,303
-49.980864,-20.407663,1,60,1,171
-46.331461,-23.557289,1,40,2,25
-46.463302,-23.490372,1,60,1,141
-47.230099,-22.896266,1,60,1,356
-47.247154,-22.914399,1,40,1,190
-49.968052,-20.416291,1,60,1,66
-49.977394,-20.404088,1,40,1,351
-46.785347,-23.634092,1,50,1,81
-46.439470,-23.094395,1,60,1,255
-46.359181,-23.556004,1,40,2,150
-46.712518,-22.962076,1,60,0,48
-46.915984,-23.173568,1,60,1,128
-45.892591,-23.231831,1,40,1,219
-47.681486,-23.287883,1,40,2,67
-46.317937,-23.949514,1,40,1,185
-46.294063,-23.977838,1,60,1,179
-46.299525,-23.969157,1,60,1,323
-47.225724,-24.061325,1,60,1,250
-47.239427,-24.068177,1,60,1,232
-47.255637,-24.099865,1,60,1,216
-47.268593,-24.112957,1,60,1,264
-46.185720,-23.575799,1,50,1,279
-46.494351,-23.430445,1,60,1,7
-46.192220,-23.573238,1,50,1,293
-46.564758,-23.746468,1,50,1,40
-47.222564,-23.249207,1,100,1,279
-49.106269,-22.360096,1,50,2,16
-46.373437,-23.969868,1,40,1,120
-47.217859,-22.864238,1,30,1,96
-47.227081,-22.871788,1,60,1,208
-47.226736,-22.871360,1,60,1,29
-46.524505,-23.912309,1,80,1,43
-47.217926,-23.116678,1,40,1,346
-46.879132,-23.177977,1,60,1,352
-46.879266,-23.179584,1,60,1,172
-46.888463,-23.171938,1,60,1,299
-46.577322,-23.755748,1,40,1,57
-47.300104,-23.257669,1,60,1,310
-47.386827,-22.558351,1,60,1,71
-47.269827,-24.114350,1,60,1,357
-47.658311,-22.701262,1,40,1,171
-47.657295,-22.703289,1,60,1,139
-47.311537,-23.256024,1,60,1,285
-47.313345,-23.255787,1,60,1,98
-47.682434,-23.282105,1,40,2,283
-47.308072,-23.256908,1,50,1,285
-47.308101,-23.257009,1,50,1,105
-46.499867,-23.635460,1,30,1,116
-47.515805,-22.999077,1,50,1,220
-46.612660,-23.746047,1,40,1,48
-46.612486,-23.745854,1,40,1,228
-46.862141,-23.174656,1,60,1,212
-46.567189,-23.449111,1,50,1,197
-46.567009,-23.448769,1,50,1,17
-46.881749,-23.202430,1,50,1,170
-48.460007,-20.910283,1,110,1,163
-48.457051,-20.918679,1,110,1,343
-45.908014,-23.207849,1,60,1,34
-46.695588,-23.515407,1,60,1,89
-49.972007,-22.873892,1,110,1,324
-45.196445,-22.821962,1,100,1,113
-45.559537,-23.038238,1,100,1,65
-45.405204,-22.952585,1,110,1,61
-45.114415,-22.757555,1,110,1,52
-45.163776,-22.792889,1,110,1,232
-45.892685,-23.165973,1,50,1,343
-46.819813,-23.542677,1,60,1,61
-46.884359,-23.180394,1,60,1,138
-45.960900,-23.266549,1,110,1,55
-45.974340,-23.275017,1,110,1,235
-46.111970,-23.321803,1,110,1,269
-46.296331,-23.398022,1,80,1,83
-46.342680,-23.409449,1,110,1,254
-46.574114,-23.510398,1,110,1,221
-46.616278,-24.094432,1,40,1,61
-47.508409,-21.852799,1,100,1,237
-47.508384,-21.852829,1,100,1,57
-46.631870,-23.595052,1,40,1,115
-46.846002,-23.577140,1,50,2,77
-45.423359,-22.961598,1,110,1,241
-46.724199,-23.611860,1,40,1,277
-45.830951,-23.177412,1,60,1,254
-46.603117,-23.483827,1,40,1,62
-46.580456,-23.508058,1,40,1,228
-46.732081,-22.976687,1,60,2,61
-46.605198,-23.615250,1,40,1,256
-49.954956,-20.423122,1,40,1,261
-46.649611,-23.581178,1,70,1,52
-46.168812,-23.505600,1,60,1,239
-46.185526,-23.509650,1,50,1,328
-46.357187,-23.483652,1,50,1,85
-46.354312,-23.400401,1,60,1,100
-46.749641,-23.583083,1,40,1,1
-46.760161,-23.427676,1,40,1,358
-46.870988,-23.202186,1,50,1,318
-46.857599,-23.248045,1,30,1,192
-46.434661,-23.703729,1,60,1,322
-45.610990,-23.054688,1,110,1,242
-46.912882,-23.196023,1,60,1,30
-46.535089,-23.447312,1,50,1,112
-46.530553,-23.450787,1,50,1,334
-45.400064,-23.623122,1,50,1,118
-47.167071,-23.257793,1,80,1,267
-47.168412,-23.257907,1,80,1,89
-45.420350,-23.635843,1,50,1,209
-45.425366,-23.645421,1,50,1,199
-45.430702,-23.612542,1,50,1,186
-45.400751,-23.778285,1,50,1,318
-45.398774,-23.786182,1,50,1,351
-45.439062,-23.698654,1,60,1,329
-46.108384,-23.821035,1,40,1,71
-46.116753,-23.823302,1,40,1,259
-46.115101,-23.820126,1,50,1,176
-46.121940,-23.827543,1,40,1,352
-46.125853,-23.833983,1,40,1,59
-46.057970,-23.801653,1,40,1,359
-45.885559,-23.194363,1,50,1,10
-46.799187,-22.993936,1,60,0,74
-45.071051,-23.420995,1,40,2,50
-45.066199,-23.411235,1,40,2,54
-45.078558,-23.449149,1,40,2,137
-45.075761,-23.451831,1,40,2,137
-46.990110,-22.979846,1,60,1,8
-46.990287,-22.979842,1,60,1,188
-49.027103,-22.338236,1,50,1,309
-46.554218,-23.504070,1,50,1,281
-46.554567,-23.503981,1,50,1,152
-47.465228,-23.527408,1,60,1,10
-46.561949,-23.898729,1,100,1,342
-46.188060,-23.575534,1,50,1,102
-47.220706,-23.112743,1,60,1,202
-47.220591,-23.112770,1,60,1,22
-47.226930,-23.109736,1,60,1,240
-47.226909,-23.109859,1,60,1,63
-47.229135,-23.096065,1,60,1,182
-47.228257,-23.098309,1,60,1,110
-47.228281,-23.098422,1,60,1,292
-45.413117,-23.626624,1,50,1,227
-47.229065,-23.108827,1,60,1,29
-47.188508,-23.064308,1,60,1,57
-47.169788,-23.064106,1,60,1,114
-47.228831,-23.126386,1,60,1,227
-47.217280,-23.139560,1,60,1,159
-47.217242,-23.139540,1,60,1,336
-46.913670,-23.197097,1,60,1,198
-46.531517,-23.456759,1,60,1,139
-45.427571,-23.651527,1,50,1,18
-46.640383,-23.562828,1,70,1,187
-45.832519,-23.245177,1,50,2,291
-46.857674,-23.171812,1,30,1,70
-46.857014,-23.171402,1,30,1,226
-46.316283,-23.497156,1,50,1,178
-46.333720,-23.499357,1,50,1,239
-46.301928,-23.521875,1,60,1,53
-46.609849,-23.551953,1,60,1,239
-45.071390,-23.456045,1,40,2,134
-45.077109,-23.425712,1,40,2,50
-44.942001,-23.345371,1,40,0,48
-46.437463,-23.486862,1,40,1,321
-46.522330,-23.436835,1,50,1,177
-46.549949,-23.120663,1,30,1,278
-46.703260,-23.709310,1,50,1,231
-45.918858,-23.247536,1,60,1,191
-45.805143,-23.183414,1,60,1,274
-45.934894,-23.198393,1,60,1,225
-45.918796,-23.195723,1,50,1,315
-46.593099,-23.544526,1,60,1,78
-46.422196,-23.399591,1,50,1,200
-46.134488,-23.475563,1,60,1,234
-47.415710,-22.581385,1,50,1,113
-46.856742,-23.685353,1,40,1,336
-46.809382,-23.633322,1,40,1,3
-46.786130,-23.618446,1,50,1,340
-46.735284,-23.823016,1,40,1,146
-47.463643,-23.433400,1,40,1,79
-46.327050,-23.490753,1,60,1,335
-47.649970,-23.297507,1,60,1,354
-47.650063,-23.297504,1,60,1,173
-46.521301,-22.986391,1,60,1,291
-45.727978,-23.123165,1,110,1,61
-47.057474,-23.260956,1,40,1,57
-46.496830,-23.578535,1,60,1,269
-46.515421,-23.557747,1,60,1,139
-47.525166,-23.501520,1,60,1,127
-47.524139,-23.502079,1,60,1,308
-45.775116,-23.133616,1,60,1,252
-45.774924,-23.133763,1,50,1,71
-46.537476,-23.458076,1,50,1,165
-46.114096,-23.825693,1,40,1,170
-46.114061,-23.825777,1,40,1,349
-46.717982,-23.505213,1,50,1,330
-46.368665,-23.415000,1,50,2,73
-46.389020,-23.441793,1,50,1,253
-46.388038,-23.441551,1,50,1,73
-44.909530,-22.622182,1,80,1,194
-45.629485,-22.826812,1,50,1,175
-45.629458,-22.826797,1,50,1,355
-45.660167,-22.825603,1,40,1,291
-47.647868,-22.704262,1,50,1,164
-46.869017,-23.179468,1,40,1,234
-46.868909,-23.179443,1,40,1,54
-46.472563,-23.690648,1,70,1,36
-46.469804,-23.685380,1,70,1,179
-46.412898,-23.461182,1,50,1,38
-46.599259,-23.658895,1,40,1,316
-47.224528,-22.864890,1,50,1,217
-47.224713,-22.865342,1,50,1,10
-47.206200,-22.835097,1,50,1,207
-47.206154,-22.835107,1,50,1,25
-45.428801,-23.620715,1,40,1,318
-46.845688,-23.214795,1,40,1,0
-47.501134,-23.461602,1,50,1,321
-47.516565,-23.512604,1,50,1,328
-47.517675,-23.511145,1,50,1,147
-46.814344,-22.710257,1,40,1,202
-46.788143,-22.711886,1,40,1,257
-46.772236,-22.703581,1,50,1,20
-46.643868,-23.468573,1,40,1,213
-47.226199,-23.078281,1,60,1,305
-47.225528,-23.077418,1,60,1,173
-47.241098,-23.138218,1,60,1,305
-47.680293,-23.276839,1,40,1,171
-46.644504,-22.519320,1,50,1,228
-46.773752,-22.841509,1,60,1,45
-47.886840,-21.990636,1,90,1,289
-45.925380,-23.193032,1,60,1,63
-47.171532,-22.746914,1,60,1,313
-46.807398,-22.719411,1,60,1,140
-47.260758,-22.816795,1,60,1,29
-47.040911,-22.904348,1,60,1,337
-47.012262,-22.969380,1,60,2,35
-46.853119,-22.727423,1,60,1,209
-46.771791,-22.718657,1,50,1,166
-46.775359,-22.713412,1,50,1,142
-46.768756,-22.697372,1,40,1,342
-46.553596,-22.837584,1,60,1,289
-45.642638,-23.768578,1,60,1,91
-46.080707,-23.814834,1,40,1,260
-46.397016,-23.986320,1,60,1,48
-47.397799,-22.752942,1,50,1,163
-46.812624,-23.743365,1,100,1,329
-46.830993,-23.665904,1,100,1,198
-46.668583,-23.800766,1,100,1,36
-49.121529,-22.371963,1,60,2,55
-49.114789,-22.368684,1,60,2,244
-46.536250,-22.951506,1,40,1,259
-47.171911,-22.881130,1,40,1,104
-47.171982,-22.880818,1,40,1,284
-46.420595,-23.940808,1,70,1,144
-46.421633,-23.939397,1,70,1,324
-46.417766,-23.944646,1,70,1,146
-46.416527,-23.946172,1,70,1,325
-46.534056,-22.936883,1,50,1,180
-46.548733,-22.919203,1,60,1,203
-46.561929,-22.925677,1,60,0,106
-46.549591,-22.966473,1,60,1,96
-46.702874,-23.447781,1,40,1,162
-46.811316,-23.717433,1,100,1,137
-46.531688,-23.456377,1,60,1,320
-46.429637,-23.929631,1,70,1,136
-46.427415,-23.932245,1,70,1,144
-46.690623,-23.586552,1,70,1,358
-46.648717,-23.790890,1,100,1,265
-46.991614,-23.058438,1,60,1,33
-46.984510,-23.041434,1,50,1,165
-46.991886,-23.058418,1,60,1,204
-46.652887,-22.944861,1,60,2,103
-46.826392,-23.210745,1,40,1,74
-46.826408,-23.210673,1,40,1,254
-47.344876,-22.727278,1,60,1,232
-47.116410,-23.553767,1,80,1,318
-46.639665,-23.579587,1,60,1,149
-47.871557,-23.356829,1,50,1,248
-47.877968,-23.358662,1,50,1,255
-47.865671,-23.355557,1,50,1,267
-46.598271,-23.545742,1,60,1,59
-46.775415,-23.473031,1,40,1,103
-46.709569,-23.664420,1,70,1,322
-46.709425,-23.664846,1,70,1,144
-46.558035,-23.626591,1,50,1,142
-47.328342,-23.384823,1,110,1,15
-50.418378,-22.661644,1,50,1,270
-46.561864,-23.456782,1,50,1,243
-46.984754,-22.953832,1,60,1,181
-47.003173,-22.986188,1,60,1,354
-47.497152,-23.535603,1,70,1,259
-46.407885,-23.448312,1,50,1,347
-47.501362,-23.461387,1,50,1,141
-46.754255,-23.464021,1,50,2,69
-47.516928,-23.500430,1,50,1,1
-47.508436,-23.497867,1,50,1,142
-46.561973,-23.662324,1,60,1,228
-46.561916,-23.662409,1,60,1,61
-46.621277,-23.595272,1,60,1,23
-46.940368,-22.369266,1,60,1,300
-46.518719,-23.471099,1,60,1,242
-47.060989,-23.579406,1,60,1,128
-47.440966,-22.525218,1,70,2,124
-49.971863,-20.425729,1,40,1,82
-49.970599,-20.426575,1,50,1,261
-46.826073,-23.206645,1,60,1,218
-46.444983,-23.884470,1,90,1,312
-45.939444,-23.285187,1,40,2,117
-46.984389,-24.308932,1,60,1,230
-47.349532,-22.731477,1,60,1,50
-46.621711,-23.595333,1,60,1,202
-46.383827,-23.524034,1,40,0,161
-46.823926,-23.679654,1,100,1,129
-47.090874,-23.436359,1,120,1,90
-49.038475,-22.320386,1,50,1,80
-49.035484,-22.319874,1,50,1,260
-46.578234,-23.756182,1,40,1,233
-46.578199,-23.756244,1,40,1,47
-46.736167,-23.518586,1,70,1,92
-46.580912,-22.446252,1,60,1,40
-46.613271,-22.469152,1,40,1,315
-51.617937,-20.775734,1,60,1,110
-47.376625,-21.944315,1,80,1,35
-47.824757,-20.428778,1,60,1,107
-50.437218,-21.226523,1,60,1,188
-49.403883,-20.790812,1,40,1,225
-49.359635,-20.798288,1,40,1,130
-49.071156,-22.291167,1,60,1,12
-49.036973,-22.314449,1,60,1,76
-47.515024,-22.583182,1,50,1,183
-47.416683,-22.595449,1,60,1,27
-47.415876,-22.593827,1,60,1,206
-47.039463,-22.442983,1,100,1,100
-45.062235,-23.454414,1,50,1,139
-45.845549,-23.172345,1,50,1,76
-47.055299,-23.257202,1,40,1,11
-47.885520,-21.191842,1,110,1,331
-47.860136,-21.172783,1,100,1,302
-46.647490,-22.524173,1,50,1,340
-47.429646,-23.477683,1,50,1,242
-49.345052,-20.758606,1,60,1,202
-49.347502,-20.764363,1,60,1,23
-49.353699,-20.783477,1,60,1,185
-49.366666,-20.836687,1,80,1,216
-49.366618,-20.836712,1,80,1,36
-49.355077,-20.796823,1,80,1,186
-49.354146,-20.788211,1,60,1,4
-47.034221,-22.904288,1,70,1,250
-45.723187,-23.758255,1,40,1,307
-49.356790,-20.812695,1,80,1,6
-46.711159,-23.557456,1,70,1,298
-49.411237,-20.864162,1,60,1,214
-49.414480,-20.868689,1,60,1,34
-45.105747,-22.721543,1,60,2,150
-45.161562,-22.623698,1,60,1,7
-45.161602,-22.623774,1,60,1,187
-47.304110,-22.950424,1,40,1,96
-47.317502,-22.964662,1,30,1,5
-47.317522,-22.964539,1,30,1,185
-47.304111,-22.950259,1,40,1,275
-47.317731,-22.960158,1,30,2,161
-47.317822,-22.970275,1,50,1,3
-47.317857,-22.970188,1,50,1,182
-47.066636,-22.877936,1,60,1,347
-47.227315,-23.057601,1,60,1,291
-47.227342,-23.057626,1,60,1,111
-47.063401,-22.917892,1,60,1,258
-45.899028,-23.256403,1,50,1,14
-45.898993,-23.255955,1,50,1,195
-46.501087,-23.886565,1,100,1,261
-49.338591,-20.723782,1,60,1,179
-45.812937,-23.165880,1,110,1,241
-47.034932,-22.904611,1,70,1,70
-46.984243,-22.948813,1,60,1,0
-46.984243,-22.948374,1,60,1,193
-46.987867,-22.970587,1,50,2,189
-45.902416,-23.251239,1,50,1,103
-45.902306,-23.251142,1,50,1,283
-45.972074,-23.280196,1,60,2,179
-47.450360,-23.455264,1,60,1,78
-46.746407,-23.507482,1,100,1,275
-45.885112,-23.239660,1,50,1,183
-46.494816,-23.883120,1,80,1,81
-45.887812,-23.202411,1,80,1,204
-45.887680,-23.202440,1,80,1,24
-46.008581,-23.306714,1,70,1,294
-46.711909,-23.559268,1,70,1,118
-46.503041,-23.635975,1,50,1,180
-47.161892,-22.967663,1,60,1,257
-47.314386,-22.939067,1,50,2,58
-45.984048,-23.309503,1,50,1,257
-45.951512,-23.279563,1,70,1,185
-45.950649,-23.270548,1,70,1,186
-45.905994,-23.241228,1,50,1,22
-45.906134,-23.241053,1,50,1,202
-45.894987,-23.172924,1,70,1,1
-45.895117,-23.172930,1,70,1,181
-46.699696,-23.725616,1,60,1,172
-46.016641,-23.303558,1,40,1,114
-46.699334,-23.726544,1,60,1,351
-49.555204,-20.956008,1,80,1,60
-45.784312,-23.191908,1,60,1,140
-45.784245,-23.191764,1,60,1,320
-51.433385,-22.124565,1,90,1,126
-47.127564,-22.961011,1,60,1,247
-46.985883,-23.015182,1,60,1,162
-46.625374,-23.527436,1,60,1,2
-45.876514,-23.179072,1,80,1,199
-46.993530,-22.698502,1,60,1,43
-46.769136,-23.608969,1,50,1,64
-45.087595,-23.439575,1,40,2,162
-50.358963,-22.661424,1,110,1,299
-50.359020,-22.661483,1,110,1,119
-45.009391,-23.392945,1,60,2,62
-46.705328,-23.716584,1,60,1,133
-45.889364,-23.247742,1,60,2,166
-46.752748,-23.504266,1,40,1,344
-47.237859,-22.847702,1,60,1,301
-47.240802,-22.846204,1,60,1,120
-45.890084,-23.213400,1,80,1,315
-45.889515,-23.214285,1,80,1,134
-46.874687,-23.146036,1,80,1,206
-47.145080,-22.942300,1,60,1,107
-47.144994,-22.942223,1,60,1,273
-46.859440,-23.684568,1,60,1,195
-45.877893,-23.227614,1,80,1,175
-45.877765,-23.227743,1,80,1,358
-45.865850,-23.273213,1,50,1,58
-46.987251,-23.006233,1,60,1,200
-47.129339,-22.869763,1,100,1,313
-46.633244,-22.487613,1,50,1,352
-51.400529,-22.145270,1,90,1,292
-47.315595,-22.756335,1,30,2,152
-47.300136,-22.753571,1,50,1,30
-46.782563,-23.559528,1,60,1,16
-47.133925,-22.866764,1,100,1,150
-46.556158,-22.968988,1,60,1,62
-46.539676,-22.929260,1,40,1,306
-46.537761,-22.930531,1,40,1,115
-49.354922,-20.796825,1,80,1,6
-47.053444,-22.909603,1,70,1,246
-45.805321,-23.210089,1,50,2,1
-46.422591,-23.879266,1,40,1,320
-46.422713,-23.879334,1,40,1,140
-46.986368,-22.708478,1,60,1,108
-45.865808,-23.273125,1,50,1,238
-45.892574,-23.286359,1,50,1,10
-45.892549,-23.285907,1,50,1,190
-45.896415,-23.276194,1,50,1,45
-46.427613,-23.445251,1,50,1,330
-45.965507,-23.302177,1,40,1,15
-47.273099,-24.139473,1,60,1,335
-49.400641,-20.836663,1,40,1,12
-46.252327,-23.976229,1,50,1,120
-46.866908,-23.699147,1,80,1,38
-46.444810,-23.597478,1,70,1,177
-48.553778,-20.576477,1,40,2,129
-48.575789,-20.544700,1,60,1,76
-48.574177,-20.571255,1,40,1,279
-48.561714,-20.567837,1,40,1,148
-48.563997,-20.538384,1,40,1,8
-46.884297,-23.180340,1,60,1,318
-48.563210,-20.567354,1,40,1,328
-48.566595,-20.556516,1,40,1,58
-48.581918,-20.553635,1,40,1,238
-48.582049,-20.545574,1,40,1,268
-47.416857,-22.565621,1,70,1,156
-46.557018,-23.430394,1,50,1,99
-47.128536,-22.893082,1,80,1,78
-46.484946,-23.554793,1,60,1,104
-47.652967,-22.713846,1,50,1,115
-47.129235,-22.961905,1,60,1,63
-45.232289,-22.852890,1,40,1,10
-47.851760,-23.340106,1,50,1,290
-47.849266,-23.344391,1,40,1,150
-47.050371,-22.875932,1,60,1,257
-46.514864,-23.554223,1,60,1,244
-47.062405,-22.877873,1,60,1,35
-49.094311,-22.328537,1,50,1,123
-47.052360,-22.888023,1,60,1,82
-48.559337,-20.529613,1,40,1,273
-48.559347,-20.529701,1,40,1,93
-46.316404,-23.950495,1,40,1,273
-45.898304,-23.165467,1,70,1,112
-45.898396,-23.165258,1,70,1,298
-46.647952,-23.570155,1,50,1,129
-47.127000,-22.849351,1,60,1,263
-47.128017,-22.849894,1,60,1,85
-47.045351,-22.876251,1,60,1,303
-47.044415,-22.925354,1,60,0,132
-47.037642,-22.932983,1,60,1,179
-46.854506,-23.175726,1,40,1,135
-46.856772,-23.153082,1,50,1,90
-46.855245,-23.175028,1,40,1,315
-47.499849,-23.489494,1,50,1,70
-47.439074,-23.671572,1,80,0,150
-46.730334,-23.794871,1,40,1,345
-46.181752,-23.957713,1,60,2,56
-46.626651,-23.698528,1,40,1,74
-46.626831,-23.698455,1,40,1,252
-47.069472,-22.928837,1,70,1,211
-48.434460,-24.966051,1,60,0,71
-47.400285,-22.593295,1,40,2,160
-46.580659,-23.407753,1,80,1,194
-47.031952,-22.888376,1,60,1,40
-47.030899,-22.885996,1,60,1,341
-45.574523,-22.722198,1,50,1,32
-46.570142,-23.722919,1,40,1,228
-46.530574,-23.671979,1,40,1,60
-46.530601,-23.671814,1,40,1,269
-46.444652,-23.597451,1,70,1,357
-46.606478,-23.701058,1,40,1,308
-46.671126,-23.755897,1,40,1,133
-46.827013,-23.647992,1,60,0,105
-46.983723,-23.042235,1,50,1,353
-46.983881,-23.042477,1,50,1,178
-47.990307,-23.027440,1,60,0,106
-47.206103,-22.867123,1,60,1,128
-46.726841,-23.513105,1,60,1,164
-48.878861,-23.969777,1,40,1,344
-46.766934,-23.437703,1,100,1,237
-46.389062,-23.556173,1,40,1,95
-47.398075,-22.748665,1,50,1,12
-46.549381,-23.698884,1,30,1,138
-47.217920,-23.117196,1,40,1,165
-46.763546,-22.769726,1,60,1,12
-46.520062,-22.952377,1,60,0,139
-46.614463,-23.721785,1,40,2,114
-45.255605,-22.863760,1,30,1,165
-45.255339,-22.864250,1,30,1,344
-45.248211,-22.857973,1,30,1,257
-45.248834,-22.858208,1,30,1,79
-45.238936,-22.852074,1,40,1,20
-45.791992,-23.155863,1,60,1,62
-47.002644,-22.697886,1,60,1,106
-47.002690,-22.697755,1,60,1,286
-46.978141,-22.707049,1,60,1,128
-45.855472,-23.179851,1,40,1,85
-45.855165,-23.179806,1,40,1,269
-47.675016,-23.292762,1,40,0,160
-47.673225,-23.275205,1,40,1,359
-47.673305,-23.275198,1,40,1,179
-45.592538,-22.918247,1,80,0,24
-46.843985,-23.010804,1,50,1,172
-46.847531,-23.648544,1,30,1,103
-46.530403,-23.774297,1,60,1,141
-46.283651,-23.931807,1,80,1,343
-46.421215,-23.468175,1,110,1,271
-48.059518,-23.608896,1,80,1,245
-48.060077,-23.609226,1,80,1,65
-47.143905,-22.778431,1,60,1,159
-46.284149,-23.930595,1,80,1,164
-45.868752,-23.192570,1,50,1,328
-45.904760,-23.143567,1,50,1,157
-45.904490,-23.144144,1,50,1,358
-45.823532,-23.174773,1,40,2,69
-45.894896,-23.250460,1,60,0,105
-47.447545,-23.541612,1,40,1,179
-47.058120,-22.950441,1,60,1,188
-47.061407,-22.957578,1,60,1,183
-46.226135,-23.980287,1,60,1,45
-45.238338,-22.850928,1,40,1,220
-45.231554,-22.848393,1,30,1,190
-46.279156,-23.958030,1,40,1,152
-46.278977,-23.957916,1,40,1,334
-48.320459,-23.977678,1,100,1,201
-46.873375,-23.225795,1,60,1,358
-46.873536,-23.225810,1,60,1,167
-46.830740,-23.215289,1,50,1,204
-45.897816,-23.155593,1,50,2,157
-46.771806,-23.582945,1,90,1,274
-46.772172,-23.583028,1,90,1,92
-46.802897,-23.592950,1,90,1,81
-46.900767,-23.600131,1,80,1,83
-46.802729,-23.592788,1,90,1,252
-46.900904,-23.600036,1,80,1,262
-46.831813,-23.590507,1,90,1,223
-49.077135,-22.306820,1,80,1,297
-49.077382,-22.306925,1,80,1,117
-46.850152,-23.575071,1,50,1,159
-46.851697,-23.567777,1,50,1,228
-46.851648,-23.567830,1,50,1,48
-48.569195,-20.561850,1,40,1,327
-45.812091,-23.175544,1,60,1,353
-45.812243,-23.175723,1,60,1,174
-46.540414,-22.564727,1,60,0,152
-46.951009,-24.263704,1,80,1,57
-46.951052,-24.263623,1,80,1,237
-46.781152,-24.175230,1,80,1,61
-46.929460,-23.602527,1,80,1,257
-46.930120,-23.602659,1,80,1,94
-46.681450,-23.565035,1,60,1,66
-46.784909,-24.177160,1,80,1,61
-47.009082,-22.905540,1,100,1,16
-46.819146,-23.591232,1,90,1,76
-47.498482,-23.523921,1,60,1,216
-46.475681,-23.659685,1,60,2,115
-46.940618,-22.369313,1,60,1,124
-47.147083,-22.586411,1,60,0,76
-46.841703,-22.975713,1,40,2,147
-45.524514,-23.551541,1,80,1,336
-47.840965,-23.328096,1,110,1,245
-46.485422,-23.657557,1,60,1,83
-45.117252,-23.498192,1,60,0,68
-46.153443,-23.610342,1,80,0,127
-46.058040,-23.792671,1,60,0,180
-46.708318,-23.653684,1,50,1,164
-49.978623,-20.420391,1,40,1,171
-46.535919,-23.427958,1,50,1,230
-46.536146,-23.428265,1,50,1,25
-47.001389,-22.705287,1,40,2,31
-46.474249,-23.663129,1,60,1,84
-45.459979,-23.582326,1,80,1,120
-45.378000,-23.612244,1,60,0,53
-45.065257,-23.469530,1,30,1,218
-45.065198,-23.469564,1,30,1,38
-47.558963,-22.393421,1,30,1,12
-46.252080,-23.544925,1,60,1,99
-46.252072,-23.544839,1,60,1,279
-46.564843,-23.384665,1,80,1,163
-46.533047,-23.459244,1,50,1,334
-49.460534,-22.732612,1,40,1,297
-46.656314,-24.110776,1,40,2,61
-46.640504,-24.102574,1,40,2,60
-47.028296,-23.005785,1,60,2,151
-46.712254,-23.573329,1,60,1,70
-47.013017,-22.984981,1,40,1,176
-49.377788,-20.799569,1,60,1,194
-46.059767,-23.356091,1,120,1,65
-45.911089,-23.221102,1,60,1,9
-49.407836,-20.813397,1,40,1,233
-46.628721,-22.539076,1,60,0,3
-46.565621,-22.968876,1,60,1,248
-46.564317,-22.969050,1,60,1,70
-47.279582,-22.629001,1,80,0,81
-46.738125,-23.556257,1,60,1,58
-46.661625,-23.617554,1,60,1,114
-49.085216,-22.351520,1,50,1,46
-49.082807,-22.349190,1,50,1,226
-46.808854,-23.412557,1,80,1,131
-46.850045,-23.575035,1,50,1,329
-46.806584,-23.414066,1,80,1,300
-46.463435,-23.651513,1,70,1,73
-46.463861,-23.651487,1,70,1,244
-46.661838,-23.617281,1,60,1,297
-47.788501,-23.083197,1,80,1,121
-47.471027,-23.502860,1,50,1,347
-47.646917,-22.738412,1,50,1,333
-47.995073,-23.026280,1,60,1,93
-46.640989,-24.106584,1,40,2,57
-46.631162,-24.098790,1,40,1,240
-46.493213,-23.451729,1,60,1,160
-46.495022,-23.436394,1,60,1,10
-45.229728,-23.540788,1,30,2,18
-47.142077,-22.938962,1,60,1,11
-47.142211,-22.938927,1,60,1,191
-47.184041,-22.943537,1,50,1,235
-47.183987,-22.943608,1,50,1,55
-46.470128,-23.961871,1,110,1,200
-46.720390,-23.644810,1,60,1,272
-46.720387,-23.644890,1,60,1,91
-46.709980,-23.645961,1,60,1,105
-46.709794,-23.645918,1,60,1,285
-46.137499,-23.848700,1,40,1,213
-46.882899,-23.193420,1,40,1,146
-46.526629,-24.042503,1,60,1,59
-46.622328,-23.500195,1,50,1,1
-48.478121,-22.892539,1,60,1,65
-45.612163,-23.439662,1,80,1,148
-47.455601,-23.492906,1,50,1,60
-46.051379,-23.395833,1,60,0,167
-46.865151,-23.207026,1,40,1,40
-45.290102,-23.570219,1,60,2,69
-45.758107,-23.312604,1,80,1,305
-45.755918,-23.314131,1,80,1,125
-45.710561,-23.338520,1,80,1,127
-45.639383,-23.415620,1,80,1,351
-45.611276,-23.441261,1,80,1,333
-48.471905,-24.967204,1,60,0,106
-46.267998,-23.983241,1,40,1,326
-46.110182,-23.664003,1,60,0,162
-46.137355,-23.829387,1,50,1,139
-47.225768,-23.125003,1,30,1,192
-47.225569,-23.124922,1,40,1,14
-45.435042,-23.661566,1,60,1,10
-45.435127,-23.661539,1,60,1,190
-46.756947,-23.616076,1,60,1,205
-47.574020,-22.406703,1,60,1,94
-47.572405,-22.415225,1,60,1,230
-47.572043,-22.415109,1,60,1,50
-45.903147,-23.151604,1,40,1,286
-46.508572,-23.563210,1,60,1,322
-46.769765,-23.004557,1,110,1,291
-47.573597,-22.384221,1,50,1,336
-47.573685,-22.384239,1,50,1,156
-48.190418,-22.970348,1,80,1,168
-45.573462,-23.491308,1,80,1,355
