-46.783572,-23.584042,5,90,1,84
-47.475069,-23.500039,5,60,1,65
-46.543567,-23.615618,5,60,1,168
-46.536680,-23.667854,5,60,1,54
-46.378264,-23.696451,5,80,1,205
-46.395778,-23.713123,5,80,1,52
-47.075257,-22.875365,5,60,1,225
-46.565819,-23.656723,5,40,2,148
-46.538480,-23.658344,5,60,1,54
-46.561348,-23.711824,5,90,1,0
-46.552974,-23.658628,5,60,1,58
-46.542991,-23.733605,5,60,1,134
-46.547591,-23.667443,5,50,1,64
-45.979684,-23.281940,5,60,1,327
-46.562663,-23.667367,5,50,2,270
-46.576482,-23.650782,5,60,1,308
-49.356584,-20.810209,5,80,1,186
-46.576324,-23.724187,5,40,1,270
-46.571989,-23.725326,5,40,1,270
-46.745651,-24.157488,5,80,1,62
-46.536126,-23.634658,5,60,1,335
-46.539153,-23.628515,5,60,1,335
-46.534902,-23.660678,5,50,1,295
-46.041260,-23.769500,5,80,2,50
-46.169389,-23.596226,5,80,1,157
-47.832691,-21.143067,5,60,1,163
-46.590517,-23.663158,5,70,1,296
-47.426288,-23.483105,5,60,1,43
-47.489829,-23.529307,5,60,1,168
-46.503785,-23.655046,5,60,1,291
-46.503265,-23.655735,5,60,1,111
-46.547609,-23.607006,5,60,1,148
-47.138839,-22.767127,5,80,1,330
-47.326207,-23.361451,5,110,1,183
-47.254045,-23.149480,5,110,1,37
-46.963708,-23.515456,5,120,1,118
-46.546177,-23.688653,5,40,2,22
-47.185130,-23.085206,5,60,1,289
-47.770113,-21.207949,5,60,1,22
-46.584104,-23.649822,5,40,1,345
-47.033457,-22.997106,5,100,1,328
-47.006834,-22.621017,5,110,1,1
-46.485546,-23.630260,5,60,1,196
-46.558752,-24.059707,5,80,1,239
-46.570369,-23.699311,5,40,1,94
-45.994115,-23.311437,5,60,1,258
-46.563903,-23.670869,5,60,1,79
-46.552279,-23.730905,5,60,1,191
-46.270571,-23.979270,5,60,1,128
-47.055706,-22.962088,5,100,1,151
-50.438597,-21.230372,5,60,1,203
-50.437019,-21.225073,5,60,1,2
-50.437459,-21.220205,5,60,1,355
-47.001865,-23.475713,5,120,1,307
-47.057248,-23.449759,5,120,1,325
-49.109606,-22.259520,5,110,1,130
-47.196912,-23.067808,5,60,1,270
-46.235234,-23.478925,5,80,1,120
-46.610986,-23.659651,5,40,2,247
-46.604336,-23.659834,5,60,1,33
-46.562025,-24.061468,5,80,1,239
-46.716959,-24.142577,5,80,1,60
-46.576441,-23.657580,5,90,1,339
-46.582361,-23.646839,5,70,1,332
-46.551582,-23.725090,5,90,1,138
-46.770630,-24.170389,5,80,1,62
-49.385570,-20.773684,5,60,1,183
-46.566436,-23.683986,5,90,1,344
-46.566887,-23.684574,5,90,1,163
-46.856184,-23.116712,5,80,1,244
-49.057104,-22.309504,5,80,1,327
-49.047708,-22.339252,5,80,1,345
-49.061669,-22.310587,5,60,1,260
-46.853986,-23.316671,5,100,1,315
-46.869682,-23.274071,5,100,1,45
-46.569269,-23.159614,5,50,1,47
-46.556488,-23.105847,5,40,1,38
-46.552896,-23.100423,5,50,1,228
-46.567788,-23.119847,5,40,1,328
-50.412632,-21.209274,5,60,1,115
-46.858446,-23.301440,5,100,1,132
-47.894470,-22.004147,5,60,1,106
-45.910475,-23.238978,5,50,1,209
-50.483535,-21.955837,5,100,1,281
-46.572095,-23.660966,5,40,1,267
-47.661202,-22.801434,5,110,1,20
-46.715194,-21.937794,5,30,1,352
-47.813068,-21.284456,5,80,1,153
-47.818912,-21.235516,5,90,1,189
-47.890761,-22.029235,5,50,1,178
-48.529816,-22.822484,5,110,1,350
-48.549442,-22.790838,5,110,1,337
-48.562518,-22.769089,5,110,1,330
-48.220131,-21.825917,5,100,1,234
-49.365402,-20.804342,5,60,1,80
-47.911183,-22.015889,5,60,1,235
-47.906796,-22.011833,5,60,1,20
-46.565906,-23.726620,5,60,1,232
-46.565151,-23.726467,5,60,1,53
-49.262521,-22.150930,5,110,1,308
-46.601173,-23.682069,5,60,1,250
-46.601079,-23.682216,5,60,1,45
-50.939741,-21.948772,5,100,1,53
-46.570170,-23.727358,5,40,2,180
-46.548903,-23.715493,5,40,1,1
-46.547425,-23.686798,5,60,1,10
-46.547613,-23.686478,5,60,1,178
-46.543005,-23.722271,5,60,1,264
-50.041994,-20.698570,5,100,1,298
-46.985137,-23.155788,5,70,2,130
-46.517482,-23.659972,5,60,1,139
-50.049250,-22.160799,5,100,1,262
-48.809021,-22.586385,5,50,1,140
-48.806660,-22.586457,5,40,1,321
-48.806162,-22.603274,5,40,1,19
-48.800389,-22.613495,5,50,1,327
-46.582420,-23.667048,5,70,1,116
-46.584593,-23.665914,5,70,1,296
-48.359026,-23.528234,5,100,1,274
-48.094977,-23.603940,5,100,1,322
-48.940714,-23.134149,5,100,1,16
-48.258750,-21.852393,5,100,1,233
-47.584786,-22.723916,5,110,2,95
-45.913725,-23.244730,5,50,1,26
-45.919359,-23.249959,5,60,1,11
-46.578987,-23.715567,5,40,2,178
-46.564167,-23.710317,5,60,1,225
-46.570370,-23.720472,5,40,1,269
-47.054328,-22.881791,5,60,1,257
-46.193521,-23.532461,5,50,1,358
-46.965619,-22.356846,5,110,1,51
-46.978494,-22.415760,5,110,1,200
-50.129714,-20.341327,5,80,1,112
-47.392380,-22.273897,5,110,1,187
-47.391034,-22.238007,5,110,1,180
-47.633505,-24.325123,5,40,1,132
-46.543219,-23.615402,5,60,1,348
-46.542244,-23.621561,5,60,1,169
-47.158117,-22.685035,5,100,1,340
-48.760119,-22.331337,5,110,1,79
-45.900042,-23.206283,5,50,1,44
-51.464971,-21.482660,5,100,1,279
-51.416836,-21.502543,5,100,2,120
-46.510459,-23.802318,5,110,1,173
-48.789446,-22.597089,5,50,1,146
-45.014263,-22.685947,5,110,1,232
-46.577112,-23.700486,5,60,1,347
-46.962695,-22.320855,5,110,1,310
-46.988450,-22.179219,5,110,1,348
-46.349980,-23.477228,5,60,1,60
-47.119618,-22.807101,5,80,1,111
-46.862707,-23.046462,5,80,0,61
-46.564685,-23.707299,5,40,2,89
-45.991774,-23.313087,5,60,1,45
-46.523591,-23.621475,5,50,1,0
-47.095578,-22.915996,5,50,1,0
-45.919375,-23.231610,5,50,1,316
-47.463488,-23.483284,5,50,1,246
-46.653621,-24.109802,5,80,1,60
-47.055955,-22.864802,5,60,1,316
-47.075161,-22.875552,5,60,1,45
-47.327111,-23.276971,5,110,1,10
-49.948453,-22.229465,5,80,1,69
-46.604103,-23.659638,5,60,1,213
-48.834137,-22.992711,5,100,1,41
-50.383778,-21.286850,5,110,1,315
-50.428813,-21.219111,5,60,1,315
-50.438508,-21.202788,5,60,1,43
-46.154261,-23.496810,5,60,1,65
-46.563187,-23.608857,5,60,1,124
-47.007740,-22.594171,5,110,1,199
-46.999565,-22.558755,5,110,1,10
-46.545221,-23.609752,5,60,1,328
-47.676919,-22.685120,5,90,1,282
-50.682033,-21.705981,5,100,1,262
-49.145487,-23.475761,5,100,1,230
-49.145359,-23.475695,5,100,1,50
-49.155053,-23.481187,5,100,1,180
-49.170685,-23.478362,5,100,1,180
-47.810867,-21.156817,5,70,1,197
-47.566804,-20.927447,5,100,1,126
-47.408581,-21.006878,5,100,1,270
-47.506762,-20.966686,5,100,1,126
-47.811481,-21.070675,5,110,1,135
-47.825977,-21.049211,5,110,1,155
-47.585966,-21.728547,5,110,1,162
-47.784404,-21.149659,5,60,1,306
-48.523188,-20.925467,5,90,1,106
-47.067478,-22.941479,5,100,1,154
-47.795301,-21.133518,5,60,1,26
-49.771591,-22.909349,5,110,1,78
-47.929412,-21.219721,5,100,1,69
-47.772235,-21.217291,5,70,1,166
-48.957986,-20.705792,5,100,1,90
-46.511582,-23.629145,5,50,1,182
-46.947694,-22.343680,5,90,1,51
-47.053749,-22.862476,5,60,1,358
-46.617289,-23.658546,5,50,2,183
-49.966879,-22.221824,5,80,1,200
-49.488575,-21.935750,5,110,1,132
-49.483414,-21.940144,5,110,1,132
-45.898154,-23.210368,5,80,1,90
-49.905759,-21.585975,5,110,1,126
-48.166785,-21.802696,5,50,1,139
-48.172412,-21.787004,5,70,1,174
-47.359501,-22.762175,5,90,1,265
-47.405040,-22.765755,5,90,1,90
-47.057723,-23.449439,5,120,1,145
-45.663833,-23.379194,5,80,1,153
-46.821732,-24.185860,5,80,1,237
-46.700595,-24.134080,5,80,1,60
-46.646772,-24.106142,5,80,1,241
-49.360780,-20.817064,5,60,1,108
-47.071143,-22.913209,5,60,1,68
-48.155200,-21.764198,5,70,1,272
-45.890080,-23.172506,5,60,1,338
-47.875484,-20.580624,5,110,1,26
-47.488732,-21.293005,5,100,1,264
-46.492049,-23.664887,5,60,1,250
-46.512358,-23.664304,5,60,1,95
-48.178042,-21.813765,5,70,1,0
-47.223283,-23.085530,5,60,1,5
-46.626872,-23.680311,5,60,1,165
-47.662106,-22.803499,5,110,1,20
-46.535351,-23.645577,5,60,1,333
-46.520308,-23.657222,5,60,1,132
-46.549015,-23.706453,5,40,1,300
-46.540489,-23.110543,5,50,1,270
-45.907329,-23.198337,5,50,1,268
-47.426798,-23.483775,5,60,1,225
-47.300420,-23.321931,5,80,1,3
-46.567367,-23.650344,5,70,1,285
-46.557771,-23.911934,5,80,1,163
-45.857009,-23.211206,5,60,1,0
-45.861472,-23.202785,5,60,1,0
-46.580379,-23.828490,5,120,1,344
-46.538886,-23.702510,5,50,2,300
-46.714883,-23.697397,5,60,1,2
-46.616744,-23.681273,5,60,2,33
-45.896501,-23.279952,5,50,1,136
-47.053999,-23.628990,5,80,1,32
-47.106786,-22.942027,5,60,1,49
-46.547795,-23.746920,5,40,1,250
-46.266955,-23.987240,5,40,1,238
-49.966758,-22.221875,5,80,1,20
-49.965090,-22.198069,5,80,1,349
-48.132079,-23.767107,5,100,1,29
-46.564060,-23.710395,5,60,1,45
-47.797559,-21.198155,5,70,1,146
-46.514751,-23.517502,5,60,1,302
-47.520394,-22.464171,5,110,1,115
-48.131400,-23.765769,5,100,1,209
-50.048044,-22.303582,5,80,1,251
-46.542292,-23.685953,5,40,1,315
-47.772140,-21.205070,5,60,1,285
-46.813726,-23.002404,5,80,1,62
-47.534000,-20.949837,5,100,1,306
-45.630739,-22.959482,5,80,0,57
-46.220286,-23.361769,5,110,1,45
-45.991495,-23.285967,5,110,1,225
-49.040785,-21.666851,5,80,1,313
-46.578968,-23.644870,5,60,1,316
-47.392793,-22.217026,5,110,1,350
-47.226115,-22.792750,5,100,1,155
-46.700635,-24.134000,5,80,1,240
-48.141909,-23.233458,5,120,1,283
-46.584613,-23.644018,5,70,1,315
-46.484825,-23.779038,5,80,1,52
-48.873249,-21.264800,5,110,1,315
-46.697975,-23.720331,5,60,1,346
-50.091053,-22.156535,5,100,1,315
-44.972523,-23.384661,5,60,1,211
-49.070581,-22.295568,5,80,1,313
-48.910360,-21.229476,5,110,1,135
-46.678676,-23.332728,5,80,1,109
-45.700909,-23.770018,5,80,1,63
-45.659732,-23.762107,5,80,1,109
-45.741692,-23.747767,5,80,1,246
-45.884503,-23.753691,5,80,1,300
-47.224930,-23.086574,5,60,1,188
-47.216634,-23.077880,5,60,1,77
-47.198285,-23.068440,5,60,1,90
-47.196708,-23.081627,5,60,1,140
-48.171505,-24.780880,5,80,1,20
-46.558739,-23.731854,5,50,1,98
-49.617621,-20.681631,5,80,1,323
-49.697105,-20.571493,5,80,1,327
-49.758679,-20.513475,5,80,1,304
-47.796607,-22.148036,5,110,1,338
-47.038275,-22.885768,5,60,1,33
-51.403742,-20.870040,5,110,1,135
-50.839619,-21.215460,5,110,1,68
-50.672360,-21.210832,5,110,1,255
-50.672175,-21.210989,5,110,1,75
-49.264460,-20.782457,5,100,1,90
-47.392125,-22.273952,5,110,1,7
-47.393024,-22.217088,5,110,1,170
-47.820181,-21.203898,5,60,1,217
-46.586022,-23.648475,5,60,1,135
-46.576701,-23.650725,5,60,1,138
-47.148460,-22.920003,5,120,1,300
-46.275253,-23.537525,5,50,2,311
-49.782906,-21.555446,5,80,1,180
-47.360088,-22.730031,5,50,1,158
-46.595976,-23.669890,5,40,1,205
-46.604540,-23.688961,5,60,1,240
-46.544724,-23.722487,5,60,1,90
-46.540934,-23.722128,5,60,1,81
-45.904567,-23.237720,5,50,1,203
-48.814093,-21.791594,5,100,1,84
-48.777806,-21.785739,5,100,2,79
-48.593371,-21.753351,5,100,1,258
-48.445235,-21.739290,5,100,1,266
-46.171137,-23.348953,5,80,1,70
-47.816378,-21.278320,5,80,1,333
-45.884668,-23.226834,5,50,1,344
-47.602118,-22.390644,5,110,1,314
-47.704289,-23.295388,5,120,1,82
-46.570564,-23.671993,5,90,1,340
-47.227877,-23.105601,5,60,1,16
-46.575663,-23.661341,5,90,1,159
-46.619732,-23.694461,5,60,1,270
-46.619582,-23.694658,5,60,1,90
-47.354663,-23.421961,5,110,1,233
-47.532955,-23.310697,5,80,1,351
-47.823006,-21.199016,5,60,1,358
-47.114753,-23.655121,5,80,2,85
-46.824024,-23.319440,5,80,2,33
-46.798850,-23.284855,5,80,1,35
-46.853803,-23.316907,5,100,1,135
-45.141022,-22.776530,5,110,1,232
-46.577677,-23.699250,5,60,1,167
-46.538142,-23.657986,5,60,1,235
-46.986602,-22.505819,5,110,1,22
-47.098560,-23.437290,5,120,1,73
-47.099452,-23.437343,5,120,1,253
-48.047580,-23.245822,5,120,1,270
-47.775335,-23.284646,5,120,1,281
-47.835693,-23.268601,5,120,1,130
-49.371592,-20.779488,5,60,1,273
-49.360787,-20.770900,5,60,1,45
-46.847680,-23.202764,5,60,1,81
-49.047362,-22.304627,5,50,1,260
-46.550216,-23.117116,5,30,1,90
-45.946755,-22.910076,5,60,1,270
-49.505467,-21.921270,5,110,1,270
-46.439861,-23.916563,5,100,1,324
-46.163756,-23.840142,5,80,1,222
-48.877058,-20.671255,5,100,1,270
-47.946781,-23.202437,5,80,1,7
-48.182068,-22.984783,5,100,0,144
-47.838224,-23.559205,5,100,1,247
-45.566239,-23.501511,5,80,1,315
-48.681846,-23.474662,5,100,1,270
-47.896131,-24.687013,5,80,0,153
-49.104539,-20.742820,5,100,1,254
-47.326097,-23.271213,5,110,1,190
-47.317168,-23.246171,5,110,1,20
-48.616508,-23.479523,5,100,1,283
-48.946827,-23.381948,5,100,1,85
-48.419534,-22.390825,5,80,1,258
-47.642498,-21.527776,5,110,1,350
-46.715559,-21.940616,5,30,1,200
-46.714526,-23.683443,5,60,1,180
-47.516976,-23.400907,5,80,1,205
-48.086201,-21.883111,5,80,1,308
-46.869811,-23.274071,5,100,1,225
-47.632641,-24.316175,5,40,1,44
-47.190699,-23.084605,5,60,1,80
-47.194918,-23.092325,5,60,1,119
-47.201495,-23.089053,5,60,1,119
-49.073161,-22.314432,5,50,1,205
-46.552174,-23.732195,5,60,1,2
-47.184058,-23.101700,5,60,1,157
-49.028903,-22.380188,5,110,1,328
-48.202277,-21.329900,5,60,0,50
-46.742992,-23.672391,5,60,1,246
-47.796471,-21.199011,5,70,1,329
-48.161074,-21.746752,5,50,1,45
-47.326014,-23.361414,5,110,1,4
-47.317225,-23.255147,5,60,1,90
-47.819191,-21.242009,5,90,1,2
-45.899280,-23.198032,5,60,1,225
-47.300434,-23.266236,5,40,1,315
-47.828305,-24.477060,5,80,1,213
-47.893486,-20.825633,5,110,1,183
-47.894149,-20.835277,5,110,1,4
-47.896997,-20.870034,5,110,1,4
-46.581137,-23.618221,5,60,1,11
-47.509758,-22.468417,5,110,1,295
-48.147387,-21.316236,5,80,0,107
-47.037637,-22.933179,5,60,1,359
-47.970697,-23.251519,5,120,1,90
-50.445174,-21.222431,5,60,1,0
-50.451611,-21.203067,5,60,1,142
-50.432761,-21.221141,5,60,1,270
-48.019791,-21.286815,5,100,1,43
-47.642834,-21.518714,5,110,1,3
-47.642982,-21.517882,5,110,1,183
-47.518921,-21.791290,5,110,1,130
-47.518777,-21.791173,5,110,1,310
-47.546725,-21.769623,5,110,1,130
-47.546344,-21.769601,5,110,1,310
-47.571624,-21.749585,5,110,1,138
-46.486702,-23.638078,5,60,1,196
-45.913807,-23.231961,5,60,1,225
-45.888659,-23.202558,5,50,1,0
-46.169395,-23.596032,5,80,1,338
-47.496686,-23.464580,5,60,1,139
-47.500848,-23.460084,5,60,1,139
-47.475289,-23.489641,5,60,1,115
-46.582160,-23.648418,5,60,1,87
-46.581808,-23.648329,5,60,1,267
-46.594806,-23.658957,5,70,1,154
-47.531673,-21.251612,5,100,1,141
-46.623091,-23.693793,5,40,1,135
-47.558030,-22.450332,5,110,1,133
-47.434642,-22.492101,5,110,1,107
-46.580526,-23.707301,5,60,1,333
-46.579367,-23.709781,5,60,1,154
-47.281139,-22.753542,5,110,1,95
-46.578536,-23.615142,5,60,1,272
-47.400383,-20.561678,5,60,1,321
-47.418849,-20.497730,5,60,1,298
-47.385189,-20.521057,5,60,1,224
-47.388305,-20.519882,5,60,1,92
-47.372435,-20.526183,5,60,1,355
-47.393736,-20.535273,5,60,1,131
-47.408179,-20.543112,5,60,1,5
-48.840684,-21.294383,5,110,1,313
-47.893922,-22.004057,5,60,1,286
-47.917449,-21.994605,5,60,1,140
-46.568980,-23.699195,5,40,1,269
-45.880408,-23.232347,5,60,1,182
-46.575025,-23.659737,5,60,1,180
-46.620977,-23.676924,5,120,1,102
-46.524707,-23.650097,5,60,1,225
-46.310599,-23.502292,5,50,1,296
-47.299125,-23.265697,5,60,1,0
-47.115136,-22.921070,5,60,1,72
-47.197118,-23.085661,5,60,1,77
-46.609063,-23.684198,5,60,1,254
-46.323988,-23.528866,5,60,1,111
-47.402129,-20.507520,5,40,1,323
-47.814847,-21.215430,5,60,1,0
-46.500084,-23.664525,5,60,1,303
-46.323104,-23.525106,5,60,1,308
-47.819334,-21.203068,5,60,1,38
-47.385371,-23.481137,5,110,1,45
-46.312396,-23.609191,5,80,1,201
-47.510996,-21.797505,5,110,1,135
-46.634946,-23.589642,5,60,1,180
-46.841409,-23.597264,5,90,1,52
-46.738941,-23.591478,5,60,1,239
-45.895573,-23.287632,5,40,2,163
-45.897051,-23.282352,5,40,2,351
-46.525565,-23.650689,5,60,1,45
-49.340501,-20.678412,5,80,1,180
-46.555638,-23.920531,5,80,1,175
-46.545766,-24.052719,5,80,1,239
-47.064856,-23.041292,5,120,1,120
-48.615993,-21.472160,5,90,1,180
-45.990297,-23.776717,5,80,0,78
-46.578298,-23.604105,5,60,1,180
-48.919117,-23.070599,5,100,1,234
-48.903509,-23.060350,5,100,1,55
-48.848487,-22.957070,5,100,1,84
-46.592636,-23.705727,5,60,1,48
-46.756074,-24.162652,5,80,1,180
-46.530523,-23.662720,5,60,1,31
-47.776793,-21.143611,5,70,1,109
-48.995901,-21.152916,5,110,1,135
-46.653665,-24.109720,5,80,1,240
-46.154356,-23.496797,5,60,1,245
-49.156249,-20.755662,5,100,1,270
-48.307582,-23.181375,5,120,1,113
-46.887464,-23.177683,5,60,1,122
-46.907467,-23.176250,5,60,1,274
-45.894618,-23.203854,5,50,1,98
-45.877237,-23.221709,5,50,2,322
-46.630004,-23.684663,5,60,1,277
-47.405890,-20.556453,5,60,1,293
-47.382863,-20.519045,5,60,1,43
-47.769070,-21.204808,5,60,1,197
-46.555102,-23.743898,5,50,1,165
-45.081423,-22.733935,5,110,1,52
-46.167881,-23.853422,5,80,1,170
-48.469263,-23.129340,5,120,1,301
-48.469287,-23.129784,5,120,1,121
-46.486518,-23.638143,5,60,1,16
-46.932757,-23.185803,5,120,1,341
-48.172076,-23.227198,5,120,1,290
-47.167578,-23.075710,5,110,1,43
-47.902204,-22.016658,5,60,1,90
-47.910594,-22.022178,5,60,1,327
-47.904794,-22.030195,5,60,1,327
-46.200504,-23.884888,5,80,1,230
-46.678289,-23.635755,5,60,1,147
-46.696929,-23.637968,5,60,1,210
-47.397640,-22.585202,5,70,1,315
-47.408763,-22.579778,5,60,1,191
-47.412572,-22.580304,5,70,1,270
-47.411478,-22.581056,5,70,1,270
-46.530618,-23.644747,5,60,1,297
-46.553651,-23.714047,5,50,1,212
-47.007239,-22.609224,5,110,1,357
-47.007507,-22.594223,5,110,1,19
-47.008033,-22.597264,5,110,1,356
-46.999742,-22.558686,5,110,1,190
-46.978215,-22.415591,5,110,1,18
-46.651924,-23.592779,5,60,1,45
-47.578472,-23.320957,5,120,1,292
-45.630106,-23.036076,5,80,1,149
-47.195004,-22.643650,5,40,1,294
-50.425948,-21.203898,5,60,1,90
-50.423802,-21.206459,5,60,1,225
-50.443232,-21.222511,5,60,1,90
-50.439638,-21.222231,5,60,1,90
-50.425487,-21.210089,5,60,1,45
-47.761022,-21.099225,5,110,1,59
-45.895381,-23.160974,5,50,1,176
-45.893668,-23.160673,5,60,1,339
-45.896137,-23.158543,5,60,1,156
-45.892091,-23.169551,5,50,1,159
-48.164453,-21.805144,5,50,1,138
-46.588585,-23.705034,5,50,2,0
-48.107948,-23.588381,5,100,1,312
-46.557048,-23.628682,5,50,1,171
-47.095846,-22.914356,5,50,1,0
-46.582307,-23.625149,5,60,1,8
-47.071373,-22.917443,5,60,2,145
-47.372692,-23.435019,5,110,1,52
-47.372932,-23.434790,5,110,1,232
-47.245167,-23.422894,5,120,1,111
-47.222183,-23.419557,5,120,1,73
-47.210402,-23.419073,5,120,1,92
-47.143573,-23.426755,5,120,1,302
-47.122112,-23.434507,5,120,1,306
-46.983866,-23.497671,5,120,1,336
-46.680309,-23.594097,5,60,1,345
-46.583662,-23.633516,5,60,1,45
-46.611793,-23.722696,5,40,1,95
-47.038430,-21.585104,5,110,1,9
-46.716168,-23.763338,5,60,1,200
-46.713150,-23.755640,5,60,1,218
-46.713059,-23.755849,5,60,1,38
-46.707204,-23.745931,5,60,1,15
-47.008089,-23.105540,5,120,1,321
-46.988220,-23.122408,5,120,1,314
-49.738948,-21.706150,5,110,1,180
-46.677636,-23.694137,5,60,1,180
-46.677865,-23.636003,5,60,1,327
-46.557582,-23.641899,5,50,1,143
-47.007080,-22.620433,5,110,1,180
-48.167190,-21.774363,5,70,1,206
-48.171583,-21.782585,5,70,1,17
-46.561614,-23.708077,5,90,1,180
-46.906924,-23.074192,5,80,2,218
-47.794288,-21.190288,5,60,1,60
-46.549442,-23.706360,5,40,1,120
-46.571513,-23.707424,5,40,2,269
-45.648452,-23.406921,5,80,1,135
-46.624523,-23.601547,5,60,1,22
-47.313034,-23.268384,5,50,1,138
-46.899649,-23.506799,5,120,1,258
-47.277968,-23.410029,5,120,1,296
-48.159659,-21.809962,5,50,1,321
-48.169802,-21.779148,5,70,1,210
-48.174538,-21.808337,5,70,1,52
-46.548949,-23.117539,5,40,1,270
-46.688973,-23.669458,5,60,1,338
-45.878688,-23.226269,5,50,1,170
-51.014154,-21.711304,5,100,1,306
-50.685027,-21.867373,5,100,1,295
-50.138699,-21.435945,5,100,1,233
-46.581936,-23.642167,5,60,1,306
-45.988308,-23.310330,5,60,1,261
-50.167204,-21.430888,5,110,1,123
-46.527995,-23.499817,5,60,1,272
-49.947885,-22.229182,5,80,1,249
-47.400402,-20.529372,5,60,1,299
-48.475456,-22.746976,5,100,1,45
-46.542021,-23.620700,5,60,1,349
-46.584106,-23.672997,5,60,1,65
-46.524774,-23.663467,5,60,1,313
-46.527205,-23.661633,5,60,1,133
-46.540521,-23.709317,5,40,2,221
-46.541840,-23.708649,5,30,2,27
-46.568041,-23.724305,5,40,1,180
-46.555735,-23.646441,5,50,1,10
-47.498357,-21.813636,5,110,1,158
-47.796860,-22.148009,5,110,1,157
-48.184125,-21.747676,5,60,2,343
-45.709626,-23.106262,5,60,1,335
-48.830680,-22.342874,5,110,1,263
-47.472519,-23.516980,5,60,1,320
-46.233006,-23.479552,5,80,1,319
-46.948199,-23.518977,5,120,1,262
-47.151604,-24.293520,5,80,1,180
-47.846107,-24.501461,5,80,1,224
-47.837876,-24.493860,5,80,1,43
-47.838297,-24.494056,5,80,1,218
-47.849369,-24.508749,5,80,1,197
-47.849068,-24.508375,5,80,1,17
-48.176776,-24.786922,5,80,1,51
-48.181826,-24.788490,5,60,1,94
-46.593864,-23.684479,5,60,1,330
-47.850572,-22.062723,5,110,1,149
-47.976592,-21.250636,5,100,1,51
-46.540220,-23.703540,5,60,1,114
-46.643504,-23.594028,5,60,1,267
-48.276658,-22.109045,5,80,1,79
-45.912857,-23.200933,5,50,1,315
-45.896008,-23.192439,5,50,1,270
-45.922964,-23.192326,5,50,1,135
-45.940003,-23.203089,5,60,1,48
-45.899366,-23.192667,5,50,1,90
-49.793158,-21.296684,5,80,1,6
-49.792721,-21.292295,5,80,1,186
-45.867147,-23.191915,5,40,1,63
-46.566257,-23.663135,5,40,1,138
-46.606612,-23.681025,5,50,1,148
-49.942584,-21.236194,5,80,2,15
-50.078811,-22.313946,5,80,2,281
-46.653212,-23.612616,5,50,1,338
-47.440335,-22.013913,5,110,1,343
-47.440706,-22.013421,5,110,1,163
-46.532398,-23.642993,5,60,1,330
-45.985459,-23.305164,5,40,2,309
-46.530653,-23.645130,5,60,1,118
-48.012001,-23.248690,5,120,1,95
-48.307133,-23.181200,5,120,1,299
-45.894917,-23.208991,5,80,1,232
-45.708912,-23.348796,5,80,0,179
-46.627391,-23.677602,5,60,1,348
-47.411950,-22.766239,5,90,1,90
-47.411370,-22.766071,5,90,1,270
-47.404568,-22.765606,5,90,1,270
-47.402637,-22.765596,5,90,1,90
-47.365327,-22.762729,5,90,1,85
-47.365440,-22.762611,5,90,1,265
-47.359217,-22.762277,5,90,1,85
-47.330149,-22.760208,5,90,1,86
-47.315536,-22.758435,5,90,1,74
-47.226105,-22.792285,5,100,1,335
-47.811223,-21.070595,5,110,1,315
-47.866397,-21.169172,5,100,1,122
-47.656036,-22.328452,5,110,1,332
-47.787168,-22.229908,5,110,1,240
-46.549544,-23.621691,5,50,1,327
-46.545818,-22.847406,5,60,0,165
-46.534692,-22.876877,5,60,1,23
-44.829172,-23.363131,5,100,1,131
-47.843530,-22.073450,5,110,1,330
-47.427615,-20.554549,5,100,1,135
-45.870296,-23.191183,5,50,1,312
-46.671435,-23.645772,5,60,1,332
-46.627508,-23.608320,5,60,1,20
-45.872393,-23.178135,5,60,1,307
-45.867648,-23.179450,5,60,1,267
-47.339792,-22.760860,5,90,1,85
-47.477494,-22.756017,5,110,1,108
-46.575832,-23.711581,5,50,1,270
-46.563351,-23.381565,5,80,1,198
-47.936858,-23.253520,5,120,1,274
-47.936912,-23.254210,5,120,1,95
-48.514160,-22.265665,5,110,1,277
-47.374229,-22.823878,5,120,1,301
-46.701539,-23.579547,5,60,1,166
-46.701967,-23.577365,5,60,1,346
-47.392332,-22.573300,5,50,1,315
-46.532863,-23.642940,5,60,1,151
-46.321078,-23.552529,5,40,1,270
-46.546263,-23.700876,5,60,1,118
-49.751651,-21.684346,5,50,2,183
-46.605251,-23.667353,5,50,2,38
-47.852507,-22.563221,5,100,1,63
-47.436975,-20.519504,5,60,1,135
-47.435371,-20.522061,5,60,1,315
-47.403179,-20.549454,5,60,1,225
-51.184978,-22.217806,5,80,1,0
-51.184090,-22.196634,5,80,1,180
-46.757700,-23.647340,5,60,1,45
-49.037791,-21.669468,5,80,1,315
-48.266753,-22.245000,5,110,1,61
-46.686257,-23.690787,5,60,1,322
-46.579549,-23.608597,5,60,1,12
-48.087809,-22.291476,5,110,1,269
-47.866165,-22.035381,5,60,1,277
-46.738001,-23.638617,5,60,1,315
-47.017592,-22.950634,5,100,1,205
-47.011152,-22.914397,5,100,1,16
-47.024553,-22.961369,5,100,1,199
-47.891014,-22.008328,5,50,1,0
-46.637918,-23.608246,5,60,1,180
-47.219763,-22.897589,5,120,1,104
-47.901233,-22.016400,5,60,1,276
-47.401361,-22.757317,5,60,1,102
-47.392897,-22.735478,5,50,1,68
-46.893656,-23.233496,5,120,1,131
-49.381619,-20.823592,5,90,1,91
-49.293913,-20.906554,5,110,1,320
-49.357304,-20.835678,5,90,1,140
-46.877086,-22.941122,5,110,1,317
-46.914775,-23.149187,5,70,1,170
-46.912479,-23.154812,5,70,1,160
-46.636528,-23.593565,5,60,1,1
-46.639299,-23.619131,5,60,1,15
-46.646544,-23.649266,5,60,1,210
-46.908992,-23.176246,5,60,1,100
-46.900922,-23.160356,5,100,1,63
-46.901354,-23.160455,5,100,1,242
-46.555405,-23.667884,5,40,2,340
-46.597877,-23.745700,5,40,2,164
-48.187512,-21.801171,5,50,1,253
-46.646460,-23.609132,5,60,1,327
-46.954087,-23.123297,5,100,1,165
-47.771382,-21.196782,5,70,1,310
-47.965719,-23.468069,5,110,1,30
-47.704332,-23.295018,5,120,1,263
-47.445182,-21.999634,5,110,1,345
-47.561110,-21.884961,5,100,2,235
-45.878489,-23.188585,5,50,1,271
-45.877718,-23.190283,5,60,1,140
-47.417699,-20.540447,5,60,1,50
-46.699855,-23.608310,5,70,1,185
-46.720210,-23.637017,5,70,1,41
-46.704420,-23.669190,5,60,1,322
-46.694751,-23.681257,5,60,1,142
-46.694932,-23.680311,5,60,1,323
-46.680401,-23.694763,5,60,1,100
-46.679179,-23.694798,5,60,1,281
-46.681219,-23.677096,5,60,1,245
-46.713044,-23.602421,5,50,1,350
-46.712815,-23.609098,5,60,1,22
-47.591102,-21.713385,5,110,1,340
-45.286796,-23.288369,5,80,2,340
-49.278928,-22.139125,5,110,1,310
-47.777314,-21.192792,5,70,1,126
-45.893533,-23.213474,5,90,1,223
-47.476875,-23.481952,5,60,2,295
-47.427796,-22.493833,5,110,1,288
-48.234030,-23.193808,5,120,1,277
-50.162491,-21.433471,5,110,1,120
-49.410941,-20.823989,5,60,1,281
-49.385786,-20.807925,5,40,1,315
-47.073887,-23.247837,5,80,1,253
-46.599589,-23.658408,5,40,1,154
-49.210577,-22.468858,5,80,2,46
-49.245354,-22.488654,5,80,1,247
-47.787956,-21.188441,5,60,1,67
-46.908375,-23.766425,5,100,1,212
-46.711498,-23.616788,5,60,1,277
-49.870892,-21.609709,5,110,1,127
-50.819918,-22.544729,5,100,1,302
-46.366432,-23.539173,5,40,1,231
-45.665484,-23.376148,5,80,1,151
-46.625472,-23.599662,5,50,1,270
-47.405373,-22.741693,5,50,1,64
-47.876939,-22.034013,5,60,1,98
-46.343762,-23.507108,5,60,1,134
-46.312121,-23.532483,5,40,1,291
-50.500610,-22.687221,5,100,2,44
-48.175096,-21.762482,5,50,1,330
-46.855812,-23.306828,5,100,1,193
-50.456439,-21.222266,5,80,1,133
-50.456348,-21.222176,5,80,1,313
-47.784442,-21.149734,5,60,1,126
-46.957233,-23.178190,5,80,1,58
-47.204121,-22.903366,5,80,1,241
-50.781697,-21.787787,5,100,2,206
-49.799223,-21.659029,5,110,1,306
-50.645996,-21.207064,5,110,1,264
-50.174869,-21.426420,5,110,1,125
-46.541701,-23.689561,5,40,1,340
-49.870792,-21.609557,5,110,1,315
-46.611173,-23.569701,5,60,1,355
-46.611277,-23.570610,5,60,1,175
-49.955910,-22.152327,5,80,1,210
-49.955792,-22.152374,5,80,1,30
-49.752791,-21.689363,5,50,1,207
-49.754272,-21.689568,5,50,1,332
-49.754358,-21.689593,5,50,1,152
-49.740737,-21.671198,5,50,1,253
-49.740703,-21.671288,5,50,1,73
-46.572242,-23.602877,5,60,1,125
-49.461247,-21.788667,5,100,0,47
-49.007262,-21.695604,5,80,2,132
-51.316905,-22.165396,5,100,2,74
-51.268255,-22.152051,5,100,2,253
-51.281837,-22.155780,5,100,2,73
-46.802015,-23.478072,5,100,1,182
-48.186234,-21.800897,5,50,1,73
-46.378263,-23.465349,5,80,1,89
-45.878185,-23.174402,5,60,1,299
-49.151722,-22.233180,5,110,1,120
-49.191890,-22.196393,5,110,1,90
-49.204424,-22.192427,5,110,1,307
-45.884753,-23.196267,5,80,1,192
-49.617069,-21.821676,5,110,1,144
-49.616897,-21.821559,5,110,1,324
-45.954047,-23.294067,5,40,2,48
-45.938158,-23.298693,5,50,1,123
-45.938115,-23.298622,5,50,1,303
-47.376035,-22.554584,5,50,2,299
-51.417261,-22.135212,5,90,1,125
-47.781400,-21.210624,5,70,1,100
-47.763721,-21.196706,5,60,1,37
-47.771243,-21.209579,5,60,1,214
-47.724081,-21.342887,5,110,1,177
-47.698310,-21.388930,5,110,1,143
-45.492453,-22.996298,5,110,1,242
-45.492399,-22.996377,5,110,1,62
-49.877753,-22.075554,5,80,2,62
-49.751332,-21.683030,5,50,1,4
-49.931153,-22.119835,5,80,2,31
-47.843726,-22.073537,5,110,1,150
-47.656409,-21.206814,5,100,1,85
-46.669748,-23.650887,5,60,1,164
-49.393314,-20.803415,5,40,1,315
-45.907241,-23.250115,5,50,1,283
-49.382322,-20.823040,5,60,1,270
-47.064394,-23.041053,5,120,1,300
-46.988246,-23.122946,5,120,1,134
-46.911500,-23.219622,5,120,1,308
-49.391039,-20.831828,5,60,1,29
-49.391237,-20.830522,5,60,1,208
-49.375512,-20.804340,5,40,1,82
-47.008352,-23.105954,5,120,1,143
-48.830658,-22.343001,5,110,1,83
-47.851532,-20.538790,5,110,1,215
-47.136325,-22.892081,5,80,1,298
-47.136451,-22.892180,5,80,1,118
-51.417182,-22.135108,5,90,1,305
-48.747378,-20.851101,5,100,1,307
-47.220668,-23.079691,5,60,1,88
-47.225493,-23.095497,5,60,1,172
-47.176862,-22.892694,5,80,1,82
-47.166261,-22.890796,5,80,1,62
-47.194975,-23.083410,5,60,1,320
-49.367376,-22.071273,5,110,1,315
-49.356416,-20.837260,5,60,1,140
-49.357192,-20.835560,5,90,1,320
-47.025005,-23.220671,5,100,1,224
-47.024874,-23.220732,5,100,1,44
-46.765285,-23.658479,5,60,1,230
-47.340010,-22.760761,5,90,1,265
-47.280931,-22.753424,5,110,1,274
-47.315544,-22.758304,5,90,1,253
-47.330291,-22.760087,5,90,1,266
-46.763923,-23.657178,5,60,1,38
-46.812371,-23.410685,5,100,1,286
-45.916722,-23.210779,5,70,2,187
-47.176609,-22.892553,5,80,1,262
-47.832544,-21.143015,5,60,1,343
-50.874944,-21.209364,5,110,1,110
-51.482944,-20.840333,5,110,1,112
-50.483239,-21.206733,5,80,1,95
-50.875008,-21.209154,5,110,1,290
-47.862528,-21.393305,5,110,1,204
-48.479742,-22.168883,5,100,1,37
-48.958540,-22.323601,5,110,1,101
-47.932587,-21.536343,5,110,1,204
-47.932400,-21.536266,5,110,1,24
-47.951272,-21.162169,5,110,1,101
-47.887360,-21.444380,5,110,1,24
-47.887717,-21.444777,5,110,1,204
-50.594063,-21.584109,5,80,2,62
-49.324289,-20.797489,5,100,1,75
-49.324394,-20.797296,5,100,1,255
-47.083706,-22.892998,5,60,1,254
-51.229457,-22.141416,5,100,2,254
-49.737245,-22.211983,5,110,1,71
-49.737280,-22.211891,5,110,1,251
-51.325987,-22.247669,5,110,1,310
-51.325547,-22.167691,5,100,2,73
-51.292880,-22.273241,5,110,1,310
-46.734689,-23.554317,5,60,1,59
-49.390011,-20.822980,5,60,1,271
-47.441781,-22.009645,5,110,1,343
-46.505472,-23.682096,5,60,1,187
-46.505274,-23.682158,5,60,1,12
-46.418293,-24.001407,5,80,1,67
-46.418295,-24.001327,5,80,1,249
-48.155334,-21.737637,5,60,1,316
-48.155419,-21.737715,5,60,1,136
-51.177545,-22.124431,5,100,2,45
-50.919812,-21.935203,5,100,2,50
-49.449625,-21.979108,5,110,1,142
-48.173281,-21.800038,5,70,1,185
-46.218094,-23.516642,5,50,1,86
-46.580079,-23.830832,5,120,1,167
-46.933108,-23.517437,5,100,1,83
-50.916879,-22.488428,5,100,2,302
-48.742443,-22.996265,5,120,1,294
-48.742625,-22.996604,5,120,1,114
-46.500159,-23.664638,5,60,1,124
-46.585704,-23.648193,5,60,1,297
-46.570921,-23.665517,5,60,1,252
-47.556310,-22.726733,5,110,1,277
-46.569342,-23.629106,5,50,1,358
-45.142140,-22.896985,5,80,2,106
-48.166704,-21.802645,5,50,1,315
-45.140971,-22.776594,5,110,1,52
-48.267081,-22.245030,5,110,1,241
-48.087428,-22.291603,5,110,1,89
-46.571944,-23.684449,5,40,2,126
-46.801719,-23.478071,5,100,1,5
-46.581630,-23.620149,5,60,1,188
-47.032139,-22.972386,5,100,1,228
-46.559299,-23.691188,5,40,1,301
-46.548906,-23.667997,5,50,1,244
-46.560625,-23.693661,5,60,1,6
-46.560765,-23.693642,5,60,1,186
-46.768063,-23.658854,5,60,1,29
-46.886804,-23.155178,5,100,1,257
-46.754895,-23.649279,5,60,1,57
-46.750026,-23.644987,5,60,1,241
-48.163305,-21.759570,5,50,1,4
-48.163391,-21.759578,5,50,1,184
-46.548229,-23.747222,5,40,1,49
-46.554493,-23.731924,5,40,2,88
-46.556193,-23.617201,5,50,1,176
-49.385132,-20.832317,5,40,1,334
-46.563977,-23.727119,5,50,1,49
-50.437172,-21.225033,5,60,1,174
-50.437596,-21.220216,5,60,1,175
-50.412605,-21.209183,5,60,1,295
-50.438679,-21.202626,5,60,1,223
-49.905540,-21.585810,5,110,1,306
-48.172269,-21.786974,5,70,1,359
-50.451528,-21.203035,5,60,1,322
-46.530700,-23.662603,5,60,1,211
-48.171658,-21.782289,5,70,1,187
-47.794344,-21.190160,5,60,1,240
-50.167059,-21.430766,5,110,1,303
-46.557564,-23.641700,5,50,1,323
-46.686648,-23.679682,5,60,1,230
-49.397545,-20.844519,5,60,1,90
-46.688208,-23.671067,5,60,1,150
-46.704454,-23.567553,5,70,1,163
-49.294299,-20.906481,5,110,1,141
-46.578919,-23.658880,5,40,1,266
-45.020296,-22.605141,5,80,2,284
-44.987006,-22.597577,5,80,2,115
-48.172418,-21.772472,5,50,1,44
-44.973430,-22.618750,5,80,2,28
-48.172507,-21.772408,5,50,1,223
-46.314643,-23.547838,5,40,1,200
-47.876887,-22.033918,5,60,1,278
-49.069206,-22.313320,5,50,1,347
-49.069374,-22.313362,5,50,1,163
-46.571388,-23.610348,5,30,1,289
-48.138372,-21.775041,5,50,1,152
-46.357207,-23.463763,5,50,1,133
-49.883051,-22.466892,5,80,0,40
-51.993600,-21.855366,5,100,1,98
-49.675653,-21.921670,5,100,0,67
-49.325376,-22.106547,5,110,1,114
-46.708746,-23.617173,5,60,1,97
-47.474432,-21.913832,5,110,1,342
-48.886194,-23.046802,5,100,1,42
-48.903529,-23.060343,5,100,1,234
-48.939030,-23.096012,5,80,2,4
-48.840160,-22.998959,5,100,2,41
-48.907085,-23.062704,5,100,2,55
-47.410575,-22.795407,5,120,1,305
-47.410891,-22.795789,5,120,1,119
-46.502009,-23.705974,5,30,2,115
-47.828711,-24.477980,5,80,1,33
-48.175893,-24.781637,5,80,1,229
-51.141154,-21.621547,5,100,1,308
-47.918873,-23.254865,5,120,1,275
-46.576821,-23.720294,5,40,1,269
-46.495576,-23.730260,5,60,2,191
-46.498543,-23.717095,5,60,0,157
-48.657438,-22.700805,5,110,1,310
-46.550092,-23.497274,5,50,1,48
-47.463910,-23.811364,5,80,2,160
-47.433859,-22.530402,5,40,1,137
-46.635586,-23.554801,5,60,1,24
-47.309898,-23.405072,5,80,1,99
-47.001997,-23.475837,5,120,1,127
-48.175515,-21.775506,5,50,1,43
-48.175593,-21.775424,5,50,1,223
-48.156030,-21.743471,5,50,1,55
-48.156062,-21.743399,5,50,1,235
-48.930108,-22.328652,5,110,1,281
-46.582934,-23.647255,5,90,1,150
-49.054217,-22.318237,5,80,1,165
-46.556967,-23.719464,5,90,1,316
-45.014092,-22.685944,5,110,1,52
-47.874340,-22.033036,5,50,2,120
-47.861586,-22.013263,5,50,2,119
-48.155202,-21.764280,5,70,1,87
-50.535433,-22.630190,5,110,1,274
-50.535613,-22.630209,5,110,1,94
-46.604473,-23.689081,5,60,1,60
-46.518068,-23.515709,5,60,1,302
-47.818813,-21.235533,5,90,1,4
-46.624971,-23.601697,5,60,1,204
-46.229883,-23.981910,5,60,1,75
-46.553515,-23.619956,5,50,1,146
-47.917683,-22.007305,5,60,1,302
-46.262120,-23.988630,5,50,1,106
-46.229873,-23.981712,5,60,1,258
-46.223335,-23.979450,5,40,1,78
-46.262882,-23.997812,5,50,1,241
-46.269862,-23.979947,5,60,1,338
-49.351367,-20.764726,5,60,1,57
-49.351404,-20.764634,5,60,1,236
-48.151186,-21.779346,5,50,1,60
-48.151226,-21.779278,5,50,1,240
-45.945354,-23.196724,5,60,1,273
-45.932560,-23.190483,5,60,1,80
-46.066062,-23.263015,5,100,1,147
-47.408580,-22.579602,5,60,1,11
-46.593284,-23.772192,5,120,1,23
-47.309398,-23.252663,5,40,2,326
-47.331255,-23.252692,5,100,1,270
-46.741889,-23.799806,5,100,1,291
-46.594646,-23.658877,5,70,1,333
-48.462897,-22.140096,5,100,1,204
-46.546043,-23.483436,5,60,1,334
-46.717468,-23.804438,5,100,1,89
-46.810774,-23.706926,5,100,1,332
-45.894961,-23.193878,5,60,1,228
-47.834984,-23.268686,5,120,1,310
-47.219529,-22.897444,5,120,1,284
-47.386271,-22.543994,5,50,1,201
-46.830682,-23.652357,5,100,1,182
-46.826127,-23.571538,5,40,2,321
-46.519860,-23.628018,5,30,1,224
-45.417073,-23.203313,5,80,1,42
-46.569120,-23.649570,5,60,1,106
-47.478767,-22.984584,5,60,2,217
-47.642699,-21.527876,5,110,1,170
-47.564022,-21.756001,5,110,1,130
-51.765878,-21.928389,5,100,1,301
-51.766194,-21.928371,5,100,1,121
-51.464978,-21.482722,5,100,1,99
-47.281335,-23.276422,5,50,1,158
-47.281303,-23.276409,5,50,1,329
-46.310638,-23.502325,5,50,1,117
-49.837435,-22.217836,5,110,1,307
-49.837524,-22.217898,5,110,1,125
-49.757174,-22.219086,5,110,1,242
-50.049233,-22.160858,5,100,1,82
-47.059000,-22.851075,5,60,1,348
-46.344458,-23.870604,5,80,1,340
-46.321777,-23.879536,5,60,1,150
-49.725606,-22.209233,5,110,1,263
-50.897350,-21.199562,5,110,1,310
-51.139873,-21.037490,5,110,1,305
-46.597919,-23.782437,5,120,1,189
-51.235387,-20.977331,5,110,1,304
-49.895587,-22.347749,5,80,1,326
-47.434955,-22.565544,5,50,1,76
-49.402372,-20.824747,5,90,1,85
-47.024329,-22.961299,5,100,1,20
-50.862810,-20.207535,5,110,1,284
-50.376248,-22.611118,5,100,1,223
-50.408569,-22.666972,5,50,1,222
-49.167543,-22.449606,5,80,1,65
-49.140450,-22.437800,5,80,1,65
-49.140474,-22.437771,5,100,1,245
-49.428282,-22.696715,5,100,1,42
-47.465406,-23.527591,5,60,1,191
-46.149964,-23.511200,5,50,1,91
-46.149964,-23.511145,5,50,1,271
-46.161029,-23.512828,5,50,1,75
-46.161051,-23.512764,5,50,1,255
-49.394552,-20.823275,5,90,1,271
-46.520530,-23.660175,5,50,1,346
-46.563821,-23.726939,5,50,1,235
-51.007166,-21.121234,5,110,1,304
-51.007399,-21.121304,5,110,1,124
-47.011137,-22.938694,5,100,1,28
-46.533520,-23.661280,5,50,1,113
-46.530739,-23.659270,5,60,1,295
-48.145312,-21.804455,5,50,1,300
-46.582095,-23.703089,5,60,1,169
-46.592805,-23.705741,5,60,1,228
-46.321075,-23.552595,5,40,1,87
-51.548716,-20.807858,5,110,1,303
-45.289179,-23.267693,5,80,1,147
-45.087794,-23.438097,5,60,1,359
-45.087837,-23.438095,5,60,1,179
-47.977096,-23.570091,5,110,1,21
-47.977245,-23.570083,5,110,1,201
-50.406732,-22.665186,5,50,1,36
-50.400949,-22.651948,5,50,1,177
-45.402338,-23.805656,5,40,1,138
-45.402230,-23.805595,5,40,1,318
-46.536799,-23.659705,5,40,1,28
-46.537813,-23.660894,5,40,1,207
-46.575353,-24.068739,5,80,1,59
-46.532212,-23.771901,5,80,1,321
-46.783582,-23.583917,5,90,1,265
-47.073849,-23.247962,5,80,1,73
-46.550320,-23.747882,5,40,1,271
-45.771027,-23.132450,5,50,1,70
-45.782901,-23.141262,5,50,2,332
-50.691066,-22.827760,5,80,1,51
-50.691112,-22.827711,5,80,1,231
-46.874843,-23.215167,5,60,1,196
-46.868775,-23.195428,5,50,1,157
-46.861451,-23.190777,5,60,1,139
-48.200599,-21.784652,5,70,1,74
-47.641046,-21.489089,5,110,1,3
-49.123654,-22.306771,5,80,1,234
-49.123552,-22.306828,5,80,1,54
-46.811128,-23.574098,5,100,1,335
-49.904358,-22.227805,5,80,1,256
-46.574859,-23.644998,5,50,1,18
-46.575100,-23.645542,5,50,1,198
-46.570674,-23.639436,5,50,1,89
-45.890183,-23.226930,5,50,1,24
-45.891753,-23.206339,5,80,1,42
-47.223163,-23.117270,5,60,1,206
-44.971912,-22.611085,5,80,2,160
-46.546238,-23.698059,5,50,1,276
-46.546154,-23.698177,5,50,1,96
-47.862382,-21.393304,5,110,1,24
-48.359171,-23.160742,5,120,1,101
-48.195967,-21.757926,5,50,1,67
-46.666538,-23.629307,5,60,1,78
-46.666609,-23.629216,5,60,1,258
-46.653545,-23.549819,5,60,1,58
-46.692332,-23.586940,5,70,1,183
-48.193310,-21.784726,5,50,1,343
-46.637405,-23.606585,5,60,1,17
-49.385433,-20.773696,5,60,1,3
-50.376215,-22.611146,5,100,1,42
-46.270422,-23.969291,5,60,1,162
-46.858395,-23.191319,5,60,1,253
-47.374741,-20.510813,5,60,1,220
-47.374580,-20.510902,5,60,1,40
-46.193565,-23.532455,5,50,1,178
-47.883883,-22.021176,5,60,1,285
-46.709629,-23.712970,5,60,1,132
-47.432710,-20.546727,5,60,1,73
-47.432436,-20.546465,5,60,1,255
-47.408990,-20.486653,5,100,1,347
-46.575411,-23.649298,5,70,1,320
-47.893061,-20.819342,5,110,1,184
-46.270323,-23.969242,5,80,1,342
-47.917277,-21.505114,5,110,1,205
-47.448466,-20.462067,5,80,1,264
-49.987194,-22.250884,5,80,1,222
-46.605280,-23.717528,5,120,1,11
-47.407161,-20.536821,5,60,1,200
-47.383954,-20.516799,5,60,1,134
-46.587153,-23.672474,5,40,1,295
-46.839027,-24.196283,5,80,1,237
-46.572286,-23.638803,5,50,1,270
-49.905036,-22.033236,5,80,1,348
-49.905063,-22.033236,5,80,1,168
-47.423737,-20.545100,5,60,1,44
-47.421423,-20.530752,5,40,1,114
-47.480155,-20.645060,5,110,1,224
-47.505135,-22.470381,5,110,1,295
-47.505245,-22.470602,5,110,1,115
-47.586874,-23.517126,5,110,1,73
-46.558604,-23.690643,5,60,1,301
-45.507199,-23.563129,5,80,1,289
-51.425188,-22.129825,5,90,1,305
-45.887012,-23.198286,5,50,1,165
-51.447718,-22.114961,5,90,1,305
-50.757824,-22.884381,5,100,1,218
-47.448950,-23.661340,5,80,0,143
-47.398191,-20.515604,5,60,1,344
-47.398480,-20.515175,5,60,1,164
-46.578446,-23.835835,5,120,1,348
-50.441753,-22.650981,5,50,1,174
-50.441662,-22.650969,5,50,1,354
-48.190253,-21.795015,5,50,1,164
-48.191168,-21.791647,5,50,1,344
-47.441696,-22.568996,5,80,1,230
-47.441570,-22.569063,5,80,1,49
-50.048015,-22.303604,5,80,1,71
-47.043840,-21.617145,5,110,1,8
-47.043974,-21.617126,5,110,1,188
-49.398547,-22.767850,5,120,1,302
-47.356456,-20.576082,5,100,1,280
-47.340190,-20.580206,5,100,1,124
-47.414313,-20.423491,5,100,1,220
-47.414255,-20.423518,5,100,1,40
-47.419686,-20.445551,5,100,2,346
-46.559193,-23.667692,5,40,1,64
-46.559241,-23.667680,5,40,1,244
-47.073808,-22.828068,5,60,1,32
-47.073588,-22.827552,5,60,1,212
-47.325388,-23.267946,5,110,1,191
-46.440135,-23.916679,5,80,1,144
-47.315944,-20.533786,5,80,1,78
-47.314407,-20.533458,5,80,1,258
-46.581284,-23.618222,5,60,1,189
-46.527790,-23.646171,5,60,1,327
-48.047573,-23.246117,5,120,1,90
-46.558694,-23.726055,5,50,1,266
-44.829097,-23.363134,5,100,1,311
-46.569336,-23.159622,5,50,1,227
-46.552810,-23.100392,5,50,1,48
-46.556840,-23.106178,5,40,1,218
-46.986839,-22.505741,5,110,1,202
-47.194660,-23.092299,5,60,1,299
-47.201522,-23.088886,5,60,1,289
-47.474460,-20.269307,5,100,1,295
-47.423753,-20.326545,5,100,1,16
-47.210881,-23.112028,5,110,1,229
-47.210768,-23.112134,5,110,1,49
-47.254160,-23.149396,5,110,1,216
-50.438470,-21.230435,5,60,1,23
-49.104533,-20.742849,5,100,1,74
-48.760186,-22.331206,5,110,1,259
-46.962728,-22.320881,5,110,1,130
-46.988664,-22.179250,5,110,1,168
-47.676943,-22.685208,5,90,1,102
-46.567869,-23.119855,5,40,1,148
-47.419055,-20.497781,5,60,1,118
-50.839748,-21.215311,5,110,1,248
-50.939773,-21.948746,5,110,1,233
-50.685193,-21.867388,5,100,1,115
-50.682033,-21.706030,5,100,1,82
-50.138650,-21.435964,5,100,1,53
-49.483306,-21.939976,5,110,1,312
-49.488435,-21.935619,5,110,1,312
-45.896431,-23.279812,5,50,1,316
-49.263344,-22.150569,5,110,1,128
-47.925893,-21.218411,5,100,1,246
-48.940762,-23.134120,5,100,1,196
-48.806154,-22.603145,5,40,1,203
-47.400504,-20.561765,5,60,1,141
-47.405952,-20.556572,5,60,1,113
-45.919412,-23.231699,5,50,1,136
-45.904355,-23.238016,5,50,1,23
-48.593350,-21.753395,5,100,1,78
-48.445233,-21.739331,5,100,1,86
-48.169708,-21.779199,5,70,1,30
-47.776737,-21.143422,5,70,1,289
-47.814966,-21.215436,5,60,1,180
-48.419526,-22.390859,5,80,1,76
-47.866194,-22.035459,5,60,1,97
-47.852209,-22.563024,5,100,1,243
-47.662245,-22.803381,5,110,1,200
-47.661336,-22.801400,5,110,1,200
-47.356939,-22.979492,5,80,0,74
-47.946805,-23.202446,5,80,1,187
-47.838181,-23.559259,5,100,1,64
-47.532987,-23.310706,5,80,1,171
-47.516904,-23.400909,5,80,1,25
-47.317141,-23.245605,5,110,1,200
-47.327303,-23.276966,5,110,1,190
-47.300452,-23.321932,5,80,1,183
-46.856179,-23.116745,5,80,1,64
-47.033583,-22.997149,5,100,1,148
-46.988742,-23.068025,5,100,1,145
-47.500767,-23.459992,5,60,1,319
-47.496610,-23.464495,5,60,1,319
-47.475248,-23.489511,5,60,1,295
-47.054055,-23.628958,5,80,1,212
-48.691887,-22.309481,5,110,1,86
-48.692045,-22.309362,5,110,1,266
-45.919434,-23.249960,5,60,1,191
-48.650631,-22.307186,5,110,1,87
-48.650784,-22.307069,5,110,1,267
-45.674587,-23.370227,5,80,0,101
-44.972491,-23.384691,5,60,1,31
-45.531090,-23.538592,5,80,0,131
-45.654697,-23.393694,5,80,2,152
-45.639596,-23.414780,5,80,0,162
-45.884527,-23.753719,5,80,1,120
-46.163726,-23.840162,5,80,1,42
-46.646724,-24.106224,5,80,1,61
-47.488727,-21.293036,5,100,1,84
-47.531648,-21.251588,5,100,1,321
-48.568876,-22.379544,5,100,1,352
-45.913835,-23.244687,5,50,1,206
-48.568863,-22.379822,5,100,1,175
-46.490388,-23.730321,5,100,1,184
-46.490087,-23.731258,5,100,1,358
-47.383422,-22.987068,5,80,0,64
-47.443941,-23.011292,5,80,0,137
-47.436772,-23.018298,5,80,0,137
-46.519382,-23.623902,5,40,1,231
-46.582824,-23.646707,5,90,1,332
-46.708450,-23.596653,5,60,1,18
-47.881053,-20.640125,5,110,1,354
-48.628790,-22.305792,5,110,1,267
-48.628988,-22.305930,5,110,1,86
-45.878033,-23.174555,5,60,1,119
-46.581008,-23.518050,5,90,1,41
-47.011364,-22.914483,5,100,1,193
-47.010905,-22.937904,5,100,1,201
-47.017369,-22.950629,5,100,1,38
-47.031919,-22.972416,5,100,1,47
-46.099811,-23.359807,5,120,1,95
-49.573338,-21.882485,5,100,1,253
-50.753175,-22.878777,5,100,1,217
-50.473605,-22.667134,5,100,1,232
-50.752156,-22.877692,5,100,1,37
-47.060752,-21.806928,5,110,1,21
-46.580555,-23.541800,5,60,1,349
-45.679349,-23.146022,5,120,1,63
-45.798981,-23.255021,5,120,1,31
-46.671066,-23.612798,5,60,1,297
-46.670907,-23.613053,5,60,1,117
-47.266571,-22.871919,5,120,1,92
-47.028946,-23.073024,5,120,1,333
-47.805220,-21.216106,5,60,1,7
-47.074281,-22.935161,5,60,1,181
-47.074072,-22.935157,5,60,1,8
-47.479880,-23.459765,5,60,1,351
-47.480009,-23.459768,5,60,1,171
-49.913903,-22.229919,5,80,1,257
-49.903064,-22.227629,5,80,1,78
-47.141546,-23.497496,5,80,2,185
-47.126955,-23.462686,5,80,2,220
-47.010902,-22.931614,5,100,1,344
-46.926556,-23.204507,5,120,1,161
-47.116592,-22.970923,5,120,1,151
-50.860719,-21.772350,5,100,1,106
-50.943210,-21.760356,5,100,2,100
-46.909550,-23.601781,5,80,1,254
-48.574702,-22.283815,5,90,1,250
-51.198745,-21.572636,5,100,2,120
-46.578137,-23.541114,5,60,1,248
-47.206925,-23.075776,5,60,1,49
-47.185157,-23.085295,5,60,1,109
-45.887155,-23.200237,5,40,1,221
-47.060827,-21.806687,5,110,1,201
-46.557326,-23.912251,5,100,1,343
-47.001071,-23.613366,5,80,1,293
-49.918316,-22.100157,5,100,1,30
-50.213069,-22.735407,5,110,1,120
-49.410678,-20.842047,5,60,1,15
-48.174842,-22.262761,5,110,1,279
-47.847477,-21.006468,5,110,1,155
-49.053894,-22.360799,5,50,2,54
-49.436954,-20.817391,5,90,1,295
-49.449547,-20.816079,5,90,1,93
-48.105393,-22.285693,5,110,1,311
-47.066981,-23.578653,5,30,1,220
-50.616811,-21.204230,5,110,1,264
-46.807361,-23.489363,5,100,1,225
-49.881527,-22.978481,5,50,1,133
-49.878887,-22.980524,5,50,1,310
-45.629961,-23.036030,5,80,1,329
-47.024686,-23.010603,5,100,1,150
-51.618494,-22.010276,5,100,1,301
-45.890193,-23.178149,5,60,1,130
-45.808364,-23.167561,5,60,1,202
-46.577962,-23.838983,5,120,1,167
-47.372922,-20.522092,5,60,1,310
-47.403058,-20.558626,5,60,1,321
-49.780015,-21.498791,5,80,1,182
-49.792406,-21.362560,5,80,1,179
-46.933569,-22.721508,5,60,0,17
-46.764567,-22.731953,5,60,0,14
-47.328021,-23.320203,5,110,1,166
-47.474476,-21.914287,5,110,1,162
-47.415728,-22.569628,5,50,1,169
-45.892072,-23.199750,5,50,1,200
-46.585378,-23.734776,5,40,1,263
-46.585381,-23.734870,5,40,1,83
-46.584745,-23.741908,5,50,1,297
-46.585595,-23.741930,5,50,1,80
-45.896708,-23.210324,5,80,1,283
-47.470873,-21.924870,5,110,1,163
-47.470688,-21.924830,5,110,1,343
-49.428994,-20.807786,5,60,0,54
-49.427923,-20.803887,5,60,2,123
-49.381193,-20.805689,5,40,1,315
-48.161024,-21.746808,5,50,1,225
-49.739090,-21.682313,5,50,2,106
-46.882127,-21.838463,5,80,0,19
-47.029614,-22.786880,5,90,1,31
-46.989327,-22.511892,5,110,1,23
-46.989501,-22.511726,5,110,1,202
-47.448673,-23.689389,5,80,0,170
-46.546600,-23.730965,5,80,1,325
-45.939097,-23.309820,5,50,1,264
-45.901056,-23.192370,5,50,1,271
-45.895351,-23.199761,5,50,1,20
-47.767608,-21.130128,5,90,1,326
-50.862800,-20.207580,5,110,1,104
-46.991126,-22.082895,5,110,1,220
-46.990986,-22.083024,5,110,1,40
-47.907225,-22.011782,5,60,1,198
-47.904877,-22.007042,5,60,1,190
-47.737105,-22.232241,5,110,1,296
-50.172430,-21.459328,5,100,0,54
-48.967455,-21.577266,5,100,0,79
-44.952538,-22.646884,5,110,1,230
-47.071745,-21.748937,5,110,1,353
-47.071892,-21.748958,5,110,1,173
-49.927031,-20.434068,5,80,1,300
-47.378842,-23.112138,5,80,0,144
-45.869665,-23.230905,5,60,1,330
-46.634280,-23.556481,5,60,1,265
-46.129480,-23.364519,5,120,1,55
-46.843301,-23.641927,5,50,0,56
-46.874323,-23.664193,5,50,0,47
-48.752814,-22.620545,5,110,1,186
-46.637584,-23.555970,5,60,1,280
-46.504411,-23.638979,5,50,1,67
-47.405503,-22.485189,5,120,1,248
-49.048567,-22.355115,5,50,1,144
-49.048470,-22.355063,5,50,1,324
-47.026140,-23.078091,5,120,1,333
-49.980150,-20.411338,5,60,1,351
-48.442142,-22.862783,5,40,2,12
-47.752220,-21.193358,5,60,1,271
-46.803205,-23.483050,5,100,1,200
-46.948162,-23.172828,5,80,1,62
-47.752256,-21.193505,5,60,1,90
-45.942122,-23.337695,5,120,1,264
-47.307080,-23.243434,5,50,1,183
-50.413507,-22.679231,5,60,0,172
-46.532019,-23.781987,5,40,2,82
-48.010883,-21.140223,5,90,1,310
-46.581682,-23.757643,5,40,1,103
-46.581598,-23.757543,5,40,1,282
-46.579893,-23.694150,5,60,1,8
-47.792052,-21.198806,5,60,1,306
-47.792173,-21.198956,5,60,1,126
-47.795459,-21.133459,5,60,1,206
-47.746771,-21.193429,5,60,1,270
-47.746908,-21.193575,5,60,1,90
-46.461666,-23.902288,5,80,1,278
-46.842511,-22.966230,5,110,1,324
-46.413002,-23.999201,5,40,1,164
-46.912430,-22.035194,5,110,1,250
-49.876831,-22.460170,5,80,0,40
-49.523998,-20.938407,5,80,0,49
-46.916955,-22.746116,5,60,0,70
-47.293389,-23.268803,5,50,2,138
-47.312770,-23.268567,5,50,1,318
-47.289329,-23.284373,5,50,1,76
-49.100401,-22.290879,5,80,1,233
-49.100334,-22.290971,5,80,1,53
-46.635098,-23.556625,5,60,1,95
-49.093771,-22.315016,5,50,1,260
-49.101784,-22.326120,5,50,1,66
-49.110884,-22.317748,5,50,1,81
-49.783909,-21.576169,5,80,0,2
-49.080393,-22.326590,5,50,1,210
-49.080328,-22.326619,5,50,1,30
-49.042506,-22.302268,5,50,1,155
-49.044121,-22.298736,5,50,1,335
-49.069146,-22.285982,5,60,1,21
-49.071795,-22.294736,5,80,1,133
-46.500921,-23.625984,5,50,1,74
-46.499856,-23.625508,5,50,1,255
-47.841758,-21.130078,5,60,1,323
-49.752130,-21.688786,5,50,1,27
-46.938418,-23.172304,5,80,1,100
-46.938518,-23.172099,5,80,1,279
-46.268477,-23.986711,5,40,1,59
-47.456325,-23.652066,5,60,0,160
-50.576617,-21.200535,5,110,1,84
-50.576622,-21.200355,5,110,1,264
-46.246439,-23.451895,5,80,1,348
-46.246549,-23.451905,5,80,1,168
-48.175226,-21.762550,5,50,1,151
-47.383014,-22.330770,5,50,2,20
-47.354832,-22.362566,5,50,1,280
-47.385323,-22.359510,5,50,1,97
-47.368086,-22.362641,5,50,1,153
-47.361303,-22.357128,5,50,1,260
-47.332282,-22.345144,5,50,2,244
-47.367138,-22.354898,5,50,2,87
-47.385487,-22.344552,5,60,1,10
-47.385591,-22.344535,5,60,1,190
-47.374226,-22.360297,5,50,1,285
-47.374248,-22.360374,5,50,1,107
-47.381702,-22.361879,5,50,1,268
-47.381630,-22.362137,5,50,1,87
-47.392850,-22.359383,5,50,1,306
-47.389827,-22.364202,5,50,1,20
-47.389911,-22.364178,5,50,1,200
-47.345292,-22.358812,5,50,1,276
-47.345300,-22.358927,5,50,1,91
-47.383740,-22.339225,5,50,1,10
-51.635803,-21.496552,5,100,2,19
-46.493855,-23.535671,5,60,1,97
-46.493839,-23.535605,5,60,1,277
-46.876707,-23.209662,5,60,1,120
-48.789977,-22.590555,5,80,1,296
-48.223908,-24.883655,5,60,1,7
-47.395828,-24.268255,5,110,1,246
-46.917290,-23.801651,5,80,1,209
-45.908812,-23.167157,5,50,1,222
-45.891080,-23.172023,5,50,1,160
-47.303013,-23.226320,5,60,1,203
-47.304183,-23.228954,5,60,1,25
-47.553450,-22.399913,5,40,1,356
-47.566768,-22.399483,5,40,1,161
-47.373861,-22.346089,5,60,1,215
-47.373785,-22.346234,5,60,1,35
-47.570770,-22.411222,5,50,1,338
-47.570853,-22.411217,5,50,1,158
-47.584644,-22.410023,5,90,1,321
-48.355029,-22.932018,5,60,0,77
-47.007026,-22.681163,5,110,1,30
-47.007181,-22.680955,5,110,1,208
-46.534211,-23.763660,5,80,1,186
-47.581795,-22.400807,5,40,1,267
